0.83	0.94	0.59
0.11	0.89	0.22
0.93	0.44	0.65
0.54	0.40	0.74
0.77	0.68	0.98
-1.13	0.18	0.50
0.52	0.0	0.93
0.34	0.19	0.95
-1.9	0.36	0.77
0.3	0.38	1.0
0.43	0.31	0.82
0.45	0.80	0.30
0.22	0.26	0.37
0.57	1.32	0.30
0.73	0.39	0.39
0.59	0.22	0.9
0.20	0.22	1.56
0.25	0.12	0.15
0.75	0.4	0.53
0.34	0.1	0.11
0.41	0.55	1.7
0.25	0.28	0.2
0.30	0.64	0.30
0.30	0.38	0.16
0.60	0.19	0.22
0.2	1.4	0.92
0.44	0.18	0.35
-1.0	0.19	0.2
0.16	0.49	0.86
0.24	0.13	0.1
0.39	0.9	0.21
0.38	0.72	0.11
0.11	0.34	0.3
0.37	0.47	0.17
0.31	0.14	0.43
0.25	0.2	0.2
0.43	0.49	0.70
0.25	0.88	0.7
0.51	0.18	0.54
0.22	0.76	0.41
0.61	0.26	1.30
0.6	0.54	0.18
0.25	0.96	0.69
0.88	0.18	0.33
0.72	0.48	0.72
0.23	0.26	0.74
0.36	0.27	0.30
0.2	0.16	0.47
0.54	0.72	1.6
0.31	0.37	0.16
0.20	0.40	0.52
0.53	0.31	1.10
0.30	0.24	0.72
0.9	0.54	1.25
0.63	0.24	0.69
0.74	0.55	0.24
0.68	0.51	0.70
0.37	0.36	0.71
1.66	0.11	0.2
0.4	0.92	0.3
0.15	0.26	1.34
0.86	0.66	0.30
0.8	0.72	1.47
0.15	0.27	0.85
0.40	0.45	0.33
-1.28	-1.33	0.9
0.40	0.15	1.38
0.24	0.90	0.4
0.53	0.68	0.51
0.8	0.8	0.28
0.39	0.15	1.0
0.32	0.29	0.93
0.26	-1.5	0.33
0.3	0.45	1.77
0.20	0.84	1.31
0.25	0.11	0.87
0.33	0.0	0.18
0.2	0.45	0.41
0.4	0.15	0.43
0.57	0.24	1.49
0.51	0.12	0.84
0.41	0.40	0.79
0.71	0.41	1.26
0.26	0.6	0.87
0.20	0.1	1.7
0.22	0.45	0.94
0.25	0.2	0.39
0.9	0.51	0.14
0.13	1.6	0.30
0.74	0.69	0.4
0.97	0.43	0.2
0.65	0.67	0.12
0.14	0.24	0.74
0.34	0.9	0.78
0.65	0.16	0.96
0.90	0.92	0.60
0.37	0.22	0.77
0.60	0.44	0.28
0.63	0.15	0.88
0.47	0.28	0.19
0.0	0.26	0.58
0.9	0.8	0.80
0.87	0.54	0.71
0.82	0.68	0.6
0.0	0.75	0.79
0.14	0.54	0.82
0.39	0.83	0.2
0.12	0.20	0.65
0.40	0.38	1.18
0.40	0.66	0.60
0.6	0.30	0.4
0.11	0.56	0.66
0.56	0.33	0.52
-1.16	0.32	0.6
0.2	0.15	1.12
0.32	0.75	0.5
0.20	0.7	0.65
0.49	0.54	0.85
0.15	-1.31	0.67
0.9	0.71	0.16
0.22	1.19	0.58
0.20	0.29	0.39
0.37	0.0	0.21
0.1	0.41	1.6
0.51	-1.41	0.37
0.42	0.45	0.6
0.31	1.3	0.97
0.22	0.87	1.5
0.2	0.2	0.9
0.1	0.51	0.52
0.54	0.84	0.56
0.45	0.40	0.9
0.7	1.7	0.46
0.60	0.24	0.21
0.57	0.17	1.14
0.32	0.5	0.93
0.19	0.2	0.94
0.47	0.35	1.7
0.58	0.11	0.37
0.17	0.78	0.18
0.5	0.41	0.66
0.5	0.20	0.41
0.26	0.2	0.42
0.88	0.15	0.3
0.82	0.29	0.51
0.21	0.85	1.7
0.2	0.1	0.95
0.28	0.83	0.32
0.44	1.10	0.70
0.31	0.27	0.85
0.26	0.36	0.14
1.17	0.73	0.73
0.91	1.22	1.1
0.78	0.26	0.58
0.82	0.4	0.60
0.81	0.57	0.73
0.18	0.68	1.14
0.14	0.75	0.73
0.25	0.67	0.26
0.10	0.15	0.82
0.60	0.76	0.58
0.2	0.0	0.35
0.31	0.21	1.10
0.52	0.23	0.16
0.66	0.3	0.50
0.25	0.12	0.58
0.63	0.1	0.43
0.81	0.20	0.81
0.34	-1.13	0.44
0.38	0.21	0.24
0.11	0.9	0.86
0.77	0.38	1.16
0.20	0.2	0.60
0.2	0.61	0.12
0.42	0.14	0.67
0.37	0.5	0.33
0.59	0.59	0.38
0.32	0.31	0.53
0.21	0.67	0.10
0.34	0.53	0.27
0.45	0.97	1.26
0.32	0.0	0.33
0.44	0.39	0.66
0.24	0.32	0.23
0.73	0.7	0.30
0.9	0.99	0.2
0.34	0.51	0.14
0.65	0.23	0.97
0.29	0.9	0.38
0.41	0.39	0.93
1.66	0.47	0.16
0.53	0.23	1.43
0.62	0.78	0.57
0.11	0.55	1.45
1.7	0.24	1.23
1.29	0.69	0.42
-1.2	0.95	0.43
-1.1	0.19	0.37
0.16	0.21	0.41
0.64	0.1	1.60
0.30	0.58	0.56
0.98	0.43	0.53
0.40	0.45	0.23
0.81	0.43	0.23
0.30	0.49	0.4
0.39	0.52	0.77
0.54	0.14	0.41
0.48	0.79	0.28
1.9	0.1	0.16
0.36	0.5	0.47
0.30	0.2	0.13
0.53	0.54	0.75
0.28	0.15	0.28
0.60	0.42	0.80
0.14	0.5	0.58
0.42	0.2	0.75
0.15	0.5	0.15
0.23	0.34	1.28
0.18	0.42	0.9
0.13	-1.16	0.1
0.44	0.36	0.30
0.20	0.73	0.72
0.23	0.1	0.39
0.12	0.28	0.0
0.6	0.48	0.30
0.18	0.10	1.34
0.60	1.3	0.23
0.10	0.8	1.79
0.3	0.1	0.5
0.21	0.12	1.4
0.11	0.25	0.93
0.65	0.16	0.22
0.12	0.64	0.7
0.35	0.68	0.44
0.49	0.33	0.56
1.16	0.32	0.60
0.9	0.79	0.30
0.31	0.0	0.91
0.40	0.34	0.61
0.61	0.12	1.46
0.6	0.36	0.51
0.49	0.42	0.38
0.24	0.10	0.4
0.74	0.16	0.90
0.15	0.75	0.38
0.21	0.55	0.5
0.9	0.82	1.41
0.21	0.33	0.71
0.43	0.40	0.25
0.46	0.77	0.51
0.27	0.13	0.37
0.50	0.26	0.83
0.90	0.36	0.74
0.41	0.26	0.6
0.39	0.24	0.1
0.17	0.52	0.95
0.17	0.47	0.28
0.40	0.16	0.30
0.61	0.57	0.11
0.46	0.1	0.75
0.33	0.19	1.42
0.44	0.63	0.71
0.48	0.37	0.89
0.16	0.14	0.2
0.60	0.40	0.49
0.23	0.11	0.38
0.46	0.26	0.60
0.26	0.4	0.57
0.12	0.69	0.31
0.10	0.68	0.58
0.23	0.19	1.26
0.60	0.56	0.69
0.57	0.21	1.28
0.31	0.15	0.28
0.30	0.60	0.97
0.65	0.25	0.6
0.58	0.0	0.25
0.36	0.46	1.15
0.48	0.73	0.46
0.0	0.47	0.23
0.9	0.56	0.57
0.23	0.33	0.13
0.12	0.78	0.59
0.20	0.56	0.65
0.32	0.20	0.93
0.9	0.44	0.94
0.38	0.15	1.50
0.46	0.68	0.12
0.7	0.30	0.93
0.72	0.40	1.10
0.84	0.8	1.42
0.49	0.29	0.19
0.9	0.5	0.44
0.5	0.19	0.27
0.9	0.55	0.1
0.9	1.16	1.47
0.65	0.20	0.53
0.17	0.8	0.57
0.81	0.12	0.8
0.3	0.25	0.64
0.60	0.24	0.1
0.1	0.75	1.20
0.18	0.50	0.79
0.38	0.30	0.79
0.81	0.36	0.54
0.65	0.28	0.32
0.42	0.5	0.60
0.48	0.47	0.45
0.52	1.94	0.72
0.5	0.13	0.97
0.7	0.90	1.47
0.30	0.52	0.32
0.65	0.22	0.44
0.7	0.81	0.13
0.1	0.9	0.44
0.26	0.1	0.13
0.16	0.52	0.61
0.25	0.39	0.83
0.4	0.73	1.7
0.37	0.28	0.23
0.63	0.21	0.44
0.72	0.48	0.11
0.37	0.74	0.93
0.16	0.9	0.92
0.1	0.72	0.28
0.9	0.51	0.77
0.0	0.28	0.10
0.60	0.80	1.41
0.67	0.12	1.35
0.53	0.50	0.22
0.55	0.18	0.17
0.48	0.59	0.92
0.23	0.72	0.16
0.6	0.16	0.8
0.1	0.43	1.17
0.56	0.7	0.82
0.49	0.34	1.0
0.16	0.63	0.29
0.51	1.35	0.3
0.21	0.28	0.30
0.42	1.6	0.64
0.7	0.35	1.28
0.18	0.27	1.18
0.2	0.93	0.71
0.37	0.22	0.30
0.7	0.13	0.17
0.72	0.64	0.13
0.13	0.37	0.55
0.46	0.16	1.66
0.52	0.32	0.36
1.2	0.22	0.44
0.1	0.9	0.24
0.38	0.51	0.60
0.17	0.60	0.6
0.21	0.25	1.35
0.18	0.15	0.7
0.4	0.74	-1.42
0.37	0.42	0.11
0.25	0.35	1.2
0.14	0.7	0.43
0.16	0.0	0.41
0.23	0.72	0.49
0.31	0.36	1.65
0.1	0.91	0.13
0.2	0.5	0.12
0.44	0.39	0.23
0.54	0.24	0.5
0.19	0.12	0.4
0.12	0.0	0.66
0.99	0.56	0.8
0.32	0.52	0.11
0.20	0.4	0.15
0.43	0.54	0.51
0.22	0.49	0.58
0.37	0.39	1.26
1.25	0.33	0.39
0.13	0.12	0.62
0.2	0.51	0.73
0.50	0.25	0.37
0.3	0.29	0.2
0.53	0.82	1.21
0.46	0.85	0.86
0.21	0.4	0.59
0.65	0.2	1.17
1.16	1.13	1.14
0.10	0.29	0.69
0.60	0.22	0.9
0.16	0.67	0.72
0.18	0.39	1.0
0.16	0.16	0.79
0.21	0.64	0.79
0.3	0.60	0.32
0.50	0.24	0.20
0.6	0.5	0.65
0.88	0.52	1.46
0.8	0.16	1.55
0.43	0.0	0.99
0.57	0.13	0.13
0.47	0.15	0.64
0.36	0.66	0.91
0.18	0.22	0.11
0.4	0.42	0.47
0.46	0.16	0.91
0.16	0.61	0.29
0.12	0.60	0.88
0.7	0.17	0.82
0.33	0.10	0.68
0.11	0.35	0.77
1.8	0.40	0.25
0.25	0.23	0.50
-1.39	0.77	0.43
0.16	0.31	0.19
0.41	0.37	0.16
0.55	1.11	0.38
0.55	0.9	0.9
0.5	0.64	1.41
0.66	0.1	0.21
0.60	0.15	0.50
0.50	0.11	0.74
0.67	0.5	0.14
0.57	0.50	0.61
0.24	0.41	1.25
0.49	0.49	0.4
0.5	0.73	0.12
0.47	0.45	0.48
0.18	0.17	0.56
0.25	0.61	0.61
0.6	0.28	0.51
0.46	0.38	0.75
0.5	0.33	0.32
0.28	0.41	1.20
0.5	0.39	1.10
0.10	0.28	1.13
0.67	0.8	0.23
0.26	0.41	0.34
0.18	0.34	0.67
0.35	0.2	0.36
0.67	0.31	0.51
0.40	0.19	0.66
0.14	0.67	0.83
0.30	0.5	0.13
0.75	0.0	0.45
0.20	0.9	0.2
0.41	0.5	0.27
0.52	0.33	0.11
0.22	0.56	0.58
0.70	0.56	0.21
0.18	1.15	1.7
0.22	0.6	0.2
0.19	0.3	0.14
0.42	0.2	0.55
0.14	0.31	1.15
0.67	0.1	0.16
0.23	0.12	1.14
0.52	0.41	0.74
0.47	0.23	0.2
0.67	0.31	1.9
0.57	0.23	1.47
0.60	0.25	1.42
0.24	1.5	0.65
0.22	0.83	0.34
0.35	0.7	0.45
0.74	0.73	1.8
0.41	0.10	0.22
0.9	0.17	0.8
0.47	0.7	0.68
0.17	0.44	1.25
0.18	0.2	0.48
0.10	0.70	0.51
0.57	0.38	0.41
0.72	0.6	0.13
0.22	0.33	0.84
0.13	0.7	0.63
0.20	0.28	0.9
0.58	0.0	0.36
0.66	0.32	0.27
0.27	0.66	0.51
0.3	0.9	0.58
1.37	0.29	0.52
0.6	0.6	0.66
-1.0	0.11	0.79
0.12	0.80	0.2
0.37	0.73	0.83
0.28	0.34	1.14
0.57	0.2	0.72
-1.84	0.56	0.51
0.42	0.8	0.18
0.13	0.1	0.86
0.81	0.47	0.25
0.66	0.4	1.26
0.9	0.6	0.12
0.2	0.13	0.33
0.16	0.11	0.27
0.72	0.44	0.20
0.35	0.6	0.12
0.59	0.56	0.9
0.38	0.78	0.60
0.7	0.20	0.59
0.42	0.96	0.53
0.26	0.52	0.1
0.75	0.10	0.3
0.40	0.57	0.77
0.70	0.0	0.76
0.68	0.13	0.7
0.5	0.6	0.13
0.44	0.37	0.78
0.48	0.21	0.42
0.64	0.22	0.36
0.51	0.80	0.28
0.21	1.3	0.45
0.69	0.36	0.11
0.38	0.27	1.21
0.63	0.49	0.2
0.4	0.59	0.29
1.2	0.7	0.68
0.95	0.72	0.41
1.27	0.92	0.17
0.3	0.65	0.6
0.32	0.33	0.41
0.57	0.3	0.65
0.90	0.19	0.48
1.26	0.7	0.83
0.49	0.88	1.0
0.27	0.50	0.50
0.2	0.42	0.16
0.0	0.62	0.50
0.16	0.7	0.65
0.7	0.18	0.0
1.7	0.0	1.5
0.66	0.49	0.3
0.13	0.27	0.63
0.7	0.50	0.93
0.82	0.2	0.70
0.41	0.32	0.53
0.36	0.44	0.3
0.73	0.33	0.58
0.2	0.4	0.1
0.59	0.27	1.3
0.29	0.66	0.23
0.11	0.3	0.70
0.24	0.26	1.43
1.29	1.54	1.30
-1.4	0.30	0.58
0.46	0.25	0.9
0.11	0.84	1.4
0.1	0.29	0.10
1.16	0.7	0.31
0.9	0.39	0.31
0.13	0.66	0.23
0.17	0.51	0.23
0.41	0.6	0.49
0.63	0.18	0.78
0.1	1.27	0.33
0.0	0.16	0.62
0.1	0.33	1.42
0.25	0.26	0.86
0.57	-1.6	0.11
0.10	0.23	1.16
0.9	0.60	0.14
0.30	0.68	0.19
0.97	0.28	0.11
0.33	0.83	0.5
0.74	0.13	0.31
0.22	0.48	0.46
0.16	0.36	0.55
0.61	0.20	1.50
0.7	0.71	0.51
0.1	0.27	0.31
0.56	0.39	0.44
0.67	0.52	0.6
0.83	0.40	0.38
0.26	0.13	0.94
0.39	0.30	0.83
0.28	0.7	0.84
0.32	0.37	0.93
0.32	0.33	0.16
0.55	0.24	0.77
0.14	0.81	0.28
0.56	0.73	0.55
0.41	0.74	0.32
0.0	0.71	0.79
0.8	0.12	1.91
0.28	0.37	0.16
0.57	1.5	0.9
0.26	0.22	0.84
0.53	0.50	0.61
0.69	0.58	0.75
0.10	0.58	0.96
0.65	0.10	0.63
0.32	0.5	0.31
0.24	0.4	0.58
0.86	0.12	0.71
0.52	0.1	0.74
0.0	0.51	0.73
0.38	0.0	0.18
0.0	0.36	0.7
0.36	0.26	0.42
0.6	0.8	0.88
0.39	0.28	0.63
0.17	0.8	1.39
0.82	0.19	0.29
0.42	0.99	0.86
0.74	0.57	0.12
0.90	0.11	0.4
1.3	0.28	1.0
0.2	0.61	0.79
0.79	0.39	0.6
0.31	0.53	0.53
0.4	0.27	0.32
-1.30	0.43	0.35
0.18	0.26	1.28
0.48	0.14	0.19
0.28	0.9	0.41
0.32	0.29	0.9
0.19	0.10	0.32
0.18	0.14	0.80
0.85	0.51	0.68
0.46	0.24	0.97
0.2	1.67	0.50
0.34	0.68	0.58
0.27	0.49	0.8
0.16	0.19	0.19
0.44	0.88	0.48
0.41	0.36	0.7
0.4	0.27	0.30
0.74	0.43	0.59
0.33	0.46	0.9
0.51	0.17	0.9
0.14	0.62	1.71
0.40	0.56	0.40
0.45	0.37	0.36
0.1	0.8	0.19
0.4	0.35	0.56
0.49	0.3	0.0
-1.31	0.26	0.9
0.26	0.39	0.35
0.23	0.10	0.63
0.53	0.23	0.32
0.5	0.90	0.47
0.33	-1.6	0.24
0.31	0.71	0.64
-1.6	0.1	0.63
0.17	0.30	0.40
0.17	0.23	1.14
0.26	0.63	1.35
0.10	0.10	0.26
0.16	0.59	0.50
0.60	0.8	1.10
0.13	0.49	0.2
0.49	0.50	0.35
0.50	0.6	0.33
0.53	0.68	0.89
0.91	0.47	0.54
0.46	0.9	0.8
0.68	0.15	1.34
0.65	0.46	0.44
0.93	0.48	0.3
0.46	0.30	1.3
0.16	0.71	0.4
0.58	0.6	0.49
0.13	0.40	0.15
0.23	0.17	0.5
0.22	0.22	0.39
0.13	0.51	0.14
0.58	0.30	0.35
1.23	0.15	0.30
0.0	0.93	0.8
0.12	0.43	1.56
0.56	1.4	1.18
0.18	0.3	0.63
0.51	0.17	0.40
0.3	0.77	0.72
0.29	0.26	0.34
0.25	0.62	1.20
0.33	0.70	0.1
0.42	0.33	0.0
0.16	0.62	1.0
0.61	0.12	0.63
0.27	0.0	0.37
0.18	0.41	0.27
0.37	0.1	1.22
0.21	0.18	0.30
0.43	-1.3	0.85
0.45	0.71	0.10
0.39	0.25	0.3
0.4	0.81	0.96
0.8	0.21	0.18
0.39	0.38	1.20
0.30	0.51	0.65
0.17	0.3	0.61
0.9	0.36	0.39
0.1	0.8	1.8
0.55	0.33	0.85
0.53	0.70	0.69
0.12	0.26	0.14
0.40	0.16	0.64
0.66	0.16	0.93
0.46	0.36	0.44
0.16	0.12	0.79
0.85	0.5	0.22
0.35	0.16	0.73
0.23	0.54	0.35
0.28	0.39	0.80
0.23	0.36	0.55
0.77	0.94	0.52
0.7	0.55	0.18
0.35	0.11	0.28
0.0	0.9	0.24
0.59	0.21	0.38
0.86	0.30	0.6
0.78	0.28	0.53
0.5	0.10	0.74
0.73	0.14	0.24
0.67	0.31	0.29
0.49	0.5	0.45
0.62	0.30	0.49
0.41	0.36	0.40
0.39	0.56	0.11
0.58	0.7	0.55
0.25	0.44	0.1
0.38	0.53	1.36
0.14	0.67	0.11
0.21	0.19	0.23
0.15	0.57	0.2
0.58	0.42	0.56
0.2	0.40	0.7
0.58	0.21	0.75
0.87	0.53	0.45
1.14	0.17	0.74
0.35	0.26	0.34
0.36	-1.12	1.25
0.32	0.40	0.3
0.44	0.0	0.44
0.32	0.64	0.41
0.74	0.14	0.41
0.26	0.40	0.17
0.67	0.56	0.66
0.61	0.26	0.12
0.47	0.30	0.71
0.65	1.83	0.86
1.25	0.56	0.31
0.74	0.20	0.65
0.2	0.25	0.21
0.49	0.41	1.14
1.8	0.40	0.32
0.49	0.11	0.72
0.58	0.64	0.7
0.67	0.40	0.20
0.35	0.39	0.25
1.11	0.17	0.4
0.43	0.39	0.91
0.51	0.34	1.38
0.4	0.67	0.57
0.32	0.97	0.21
0.65	0.28	0.36
0.50	0.8	0.46
0.0	0.20	0.67
0.65	0.30	0.53
0.2	0.24	0.33
0.30	0.80	1.1
1.32	0.9	1.8
0.86	0.76	0.58
0.49	0.4	0.11
0.37	0.47	0.95
0.44	0.45	0.57
0.60	1.6	0.33
0.57	0.33	0.65
0.1	0.29	1.77
0.62	0.49	0.19
0.51	0.21	0.82
0.25	-1.17	0.37
0.35	0.69	0.77
0.56	0.16	0.57
0.25	0.25	1.4
0.28	0.29	0.73
0.17	0.37	0.14
0.7	0.56	1.0
0.22	0.0	0.53
0.44	0.48	0.8
0.53	0.55	0.76
0.30	0.10	1.17
0.40	0.7	1.15
0.34	0.29	0.71
0.86	0.34	0.23
0.19	0.74	1.9
0.27	0.49	0.87
0.15	0.51	0.19
0.74	0.35	0.13
0.24	0.23	0.11
0.64	0.31	0.25
0.24	0.21	0.10
0.16	0.0	0.91
0.20	0.0	1.21
0.60	0.49	0.13
0.28	0.50	0.99
0.67	0.85	0.58
0.32	0.18	0.4
0.43	0.26	0.12
0.82	0.25	0.14
0.4	0.33	0.19
-1.0	0.91	1.58
0.75	0.19	0.41
0.43	0.20	1.35
0.30	0.40	0.77
0.5	0.32	0.9
1.2	0.38	0.59
0.61	0.36	0.86
1.24	0.87	0.23
0.88	0.21	0.58
0.0	0.91	0.3
0.74	0.67	0.72
0.4	0.23	0.94
0.0	0.19	0.58
0.61	1.10	0.85
0.58	0.5	0.19
0.53	0.6	0.86
1.16	1.3	1.7
0.50	0.3	0.28
0.8	0.39	0.6
0.59	0.5	0.51
0.42	0.24	0.54
0.9	0.30	0.25
0.50	0.6	0.38
0.6	0.74	0.40
0.43	0.32	0.24
0.41	0.45	0.42
0.9	0.41	0.64
0.9	0.6	0.70
0.66	0.31	0.17
0.46	0.9	0.85
0.10	0.37	0.29
0.25	0.9	0.73
0.36	0.12	0.77
0.44	0.6	0.33
-1.14	0.34	1.14
0.23	0.8	0.64
0.34	0.30	0.59
0.11	1.0	0.98
0.8	0.40	0.26
0.81	0.45	0.25
0.52	0.3	0.51
0.5	0.17	1.3
0.88	1.42	1.28
0.40	0.19	0.13
0.1	0.1	1.93
0.32	0.20	1.28
0.65	0.49	0.51
-1.0	0.80	1.20
0.68	0.76	0.35
0.27	0.39	1.3
0.64	0.33	0.2
0.79	0.40	0.44
0.9	0.39	1.41
0.59	0.60	0.11
0.22	0.35	1.15
0.79	0.34	0.77
0.37	0.56	1.12
0.36	0.5	0.29
0.27	0.46	0.25
0.26	0.69	0.54
0.24	0.46	0.15
0.14	0.33	0.74
0.87	0.70	0.58
0.39	0.57	0.23
0.34	0.40	0.20
0.28	0.48	0.1
0.54	0.18	0.13
0.79	0.50	0.4
0.12	0.5	0.80
0.1	0.9	0.48
0.24	0.13	0.49
0.53	0.94	0.29
0.96	0.81	0.49
0.30	0.28	1.22
-1.13	0.57	1.74
0.24	0.48	0.48
0.3	0.13	0.2
0.39	0.8	0.18
0.57	0.9	0.41
0.12	0.61	1.4
0.79	0.40	0.79
0.12	0.4	0.47
0.33	0.15	1.67
0.82	0.21	0.16
0.10	0.34	0.91
0.0	0.22	0.82
0.30	0.8	0.23
0.41	0.33	0.3
1.33	0.4	0.29
0.6	0.22	1.71
0.51	0.32	0.9
0.41	0.44	1.88
0.24	0.1	0.27
0.19	0.47	0.4
0.18	0.57	0.79
0.42	0.9	0.4
0.4	0.20	0.15
0.49	0.15	0.73
0.41	0.88	0.84
0.80	0.2	0.23
0.20	0.15	1.12
0.23	0.13	0.10
0.4	0.29	1.30
0.32	0.35	0.60
0.64	0.77	0.72
0.72	0.5	0.53
0.2	0.50	0.78
0.41	0.17	0.66
0.27	0.27	0.65
0.64	0.19	0.82
0.50	0.56	0.86
0.13	0.42	0.44
0.47	0.15	0.21
0.38	0.40	0.30
0.25	0.4	0.57
0.91	0.44	0.9
-1.2	0.30	0.27
0.42	0.61	0.75
0.69	0.4	0.4
0.41	0.43	0.57
0.17	0.0	0.23
0.81	0.80	0.19
0.55	0.57	0.41
0.72	0.79	0.24
0.17	0.8	0.85
0.37	0.28	0.60
0.46	0.12	0.91
0.43	0.1	0.16
0.4	0.16	0.68
0.32	0.2	0.44
0.14	0.89	0.56
0.36	0.89	1.0
-1.39	1.14	0.68
0.48	0.20	1.4
0.50	0.8	0.86
0.22	0.73	0.99
0.28	0.46	0.49
0.50	0.1	0.36
0.12	0.55	1.27
0.50	0.78	0.44
0.71	0.64	0.91
1.15	0.84	0.50
0.85	-1.24	0.15
0.80	0.42	0.13
0.22	0.49	0.77
0.53	0.29	0.67
0.31	0.22	0.48
0.43	0.75	0.0
0.8	0.22	0.19
0.11	0.23	1.23
0.82	1.8	0.3
0.23	0.20	0.24
0.15	0.23	0.33
0.6	0.98	1.46
0.32	0.8	0.98
0.79	0.94	1.35
0.22	0.61	0.93
0.8	0.40	0.11
0.26	0.24	1.7
0.37	0.46	0.62
0.19	0.55	0.51
0.43	0.27	0.63
0.7	0.17	0.93
0.66	0.78	0.27
0.73	0.28	0.35
0.16	0.59	0.62
0.40	0.32	0.14
0.33	0.0	0.22
0.63	0.43	0.89
0.36	0.40	0.93
0.41	0.41	0.33
0.76	0.2	1.19
0.23	1.4	0.38
0.29	1.7	0.72
0.43	0.80	1.7
0.21	0.27	1.1
0.1	0.63	0.18
0.18	0.56	0.79
0.41	0.48	0.94
0.1	1.48	0.44
0.50	0.57	0.54
0.69	0.28	0.44
0.50	0.22	0.13
0.28	0.53	0.97
0.27	0.12	0.65
0.93	0.67	0.60
0.3	0.2	0.49
0.29	0.6	0.55
0.33	0.20	0.44
0.31	0.5	0.26
0.32	0.21	0.35
0.10	0.6	0.68
0.36	0.5	0.89
0.13	0.51	0.42
1.1	0.18	0.18
0.25	0.19	0.10
0.31	1.49	1.52
0.7	1.6	0.58
0.25	0.35	1.9
0.48	0.71	0.87
0.63	0.33	0.60
0.57	0.14	0.86
0.14	0.14	0.67
0.16	0.58	0.4
0.56	0.29	0.26
0.45	0.64	0.30
0.7	0.59	0.58
0.6	0.50	0.58
0.67	0.98	1.23
0.66	0.57	0.37
0.43	0.6	0.21
0.66	0.30	0.65
0.46	0.21	0.47
-1.2	0.68	0.63
0.85	0.13	0.58
0.57	0.6	0.60
0.28	0.10	0.51
0.43	0.0	0.41
0.49	0.8	0.54
0.25	0.39	0.0
0.46	0.51	0.44
0.6	0.18	0.32
0.6	0.6	0.23
0.88	0.4	0.50
1.9	0.64	0.9
0.61	0.80	0.13
0.60	-1.1	0.79
0.72	0.20	0.1
0.25	0.1	0.86
1.48	0.66	0.29
0.24	0.10	0.46
0.0	0.18	1.36
0.26	0.76	0.28
0.53	0.86	0.35
0.3	0.43	0.23
0.17	0.24	0.54
0.4	0.22	0.26
0.75	0.2	0.14
0.24	0.27	0.96
0.22	0.0	0.18
0.73	0.19	0.90
0.1	0.16	0.23
0.44	0.41	0.30
0.65	0.2	0.78
0.30	0.22	0.81
0.29	0.25	0.32
0.11	0.40	0.35
0.18	0.36	0.83
0.63	0.41	0.93
0.33	0.61	0.61
0.23	0.35	1.12
0.34	1.23	0.25
0.41	0.10	0.88
0.25	0.13	0.24
0.7	0.28	0.23
0.24	0.78	0.87
0.38	0.64	0.21
0.46	0.13	0.30
0.50	0.26	0.50
0.24	0.95	0.9
0.27	0.28	0.72
1.1	0.78	0.24
0.4	0.4	0.93
0.22	0.27	0.0
0.20	0.12	1.70
0.73	0.14	0.56
0.30	0.37	1.22
0.90	0.49	0.57
0.35	0.17	0.5
0.64	0.49	0.50
0.80	0.70	0.72
0.32	0.33	0.44
0.19	0.8	0.27
0.72	0.21	0.35
0.37	0.15	0.9
0.4	0.85	0.0
0.20	0.22	0.72
0.10	0.5	1.62
0.56	0.19	0.45
0.16	0.19	0.72
0.37	1.3	0.58
0.5	0.20	0.62
0.74	0.5	0.28
0.32	0.71	1.49
0.57	1.25	0.30
0.27	1.30	0.4
0.16	0.31	0.6
0.94	0.42	0.10
0.12	0.98	0.3
0.14	1.10	1.37
0.31	0.86	0.88
0.54	0.54	1.26
0.48	0.39	0.61
0.25	0.55	0.10
0.79	0.7	0.50
0.5	0.40	0.51
0.64	0.0	0.29
0.22	0.22	0.40
0.38	0.42	0.10
0.5	0.38	0.65
0.44	0.32	0.92
0.4	0.22	0.3
0.99	0.36	0.96
0.81	0.13	1.39
0.39	0.85	0.59
0.70	0.0	0.10
0.32	0.15	0.59
0.5	0.43	1.3
0.18	0.22	0.87
0.9	0.8	1.53
0.8	0.29	1.19
0.43	0.75	1.46
0.29	0.56	1.14
0.20	0.1	1.55
0.30	0.82	1.38
0.9	0.0	0.36
0.31	0.15	0.28
0.39	0.46	1.14
0.74	0.29	1.15
0.4	0.6	0.33
0.5	0.13	1.28
0.17	0.28	0.35
0.77	0.64	0.72
0.19	0.16	0.36
0.5	0.40	0.67
0.28	0.30	0.16
0.53	0.5	0.14
0.13	0.98	0.17
0.12	0.41	0.86
0.96	0.7	0.7
0.67	0.19	0.20
0.58	0.33	0.4
0.72	0.9	0.3
0.47	0.3	1.18
0.63	0.81	0.66
0.34	0.70	0.94
0.9	0.27	0.47
0.30	0.0	0.85
0.68	0.44	0.32
0.8	0.27	0.0
0.46	0.27	0.21
0.37	0.56	0.1
0.28	0.16	0.47
0.86	0.14	0.77
0.72	0.55	0.18
0.32	0.14	1.7
0.8	0.35	0.75
0.20	0.66	0.0
0.54	0.15	0.57
0.67	0.8	0.46
0.66	0.29	0.18
0.9	1.6	0.4
0.16	0.61	1.35
0.12	0.4	0.32
0.34	0.11	1.16
0.95	0.0	0.19
0.49	0.29	0.75
0.24	0.47	2.6
0.6	0.12	0.84
1.50	0.52	0.11
0.2	0.6	1.26
0.44	0.1	0.20
0.82	0.75	0.18
0.9	0.14	1.16
0.74	0.2	1.75
0.34	0.29	1.75
-1.37	0.52	0.85
0.0	0.34	0.9
0.44	0.1	0.13
0.50	0.61	0.62
0.46	0.6	0.58
0.43	0.22	0.40
0.36	0.54	0.59
0.41	1.44	0.58
0.25	0.37	0.4
0.7	0.12	0.86
0.18	0.58	0.47
0.49	0.29	0.50
0.70	0.33	0.67
0.26	0.67	0.56
0.35	0.53	0.30
0.47	0.1	0.43
0.37	0.2	0.73
0.45	0.17	0.41
0.3	0.27	0.90
0.25	0.10	0.53
0.47	0.31	0.56
0.11	0.45	1.5
1.0	0.29	0.29
1.39	0.15	0.16
0.7	0.19	1.21
0.15	0.1	0.25
0.0	0.42	0.53
0.10	0.9	0.45
0.2	0.16	0.66
0.13	0.43	0.85
0.39	0.77	0.40
0.74	0.26	0.24
0.21	0.63	1.2
0.10	0.21	0.93
0.9	0.85	0.23
0.97	0.61	0.5
0.76	0.14	0.68
0.75	0.55	0.4
0.79	0.42	0.43
0.76	0.71	0.72
0.11	0.10	0.71
0.94	0.59	0.31
0.29	0.4	0.58
0.74	0.77	0.18
0.13	0.9	0.3
0.4	0.9	0.93
0.90	0.64	1.1
0.28	0.12	0.40
0.24	0.41	0.13
0.4	0.1	0.44
0.34	0.49	0.29
0.10	0.1	0.89
0.37	0.96	0.32
0.34	0.57	1.0
0.39	0.12	0.93
0.81	0.77	0.97
0.16	-1.29	1.7
0.37	0.36	0.72
0.21	0.13	0.92
0.24	0.43	0.83
0.48	1.28	1.45
0.9	0.29	0.17
0.65	0.77	0.28
0.12	0.24	0.11
0.87	0.48	0.58
0.7	0.64	0.18
0.14	0.19	0.81
1.5	0.8	0.93
0.2	0.10	0.67
0.55	0.4	0.57
0.32	0.13	0.72
0.14	0.28	0.28
0.73	0.17	0.58
0.34	0.57	0.18
0.36	0.49	0.32
0.24	0.40	0.30
0.93	0.61	0.65
0.11	0.3	0.58
0.30	0.52	1.7
0.79	0.26	1.3
0.22	0.36	0.46
0.37	1.35	0.37
0.4	0.8	0.50
0.80	1.11	0.74
0.33	0.25	0.5
0.72	0.20	0.68
0.21	0.36	0.86
0.30	0.43	0.80
0.68	0.19	0.3
1.32	0.1	0.99
0.36	0.1	0.13
0.97	0.28	1.27
0.7	0.7	0.7
0.24	0.4	0.65
0.85	0.32	0.32
0.16	0.33	0.33
0.32	0.12	0.27
0.16	0.85	1.8
-1.88	0.3	0.33
0.32	0.43	1.19
0.23	0.2	0.53
-1.31	0.17	0.17
0.77	0.23	0.8
0.7	0.54	0.85
0.66	0.36	0.93
0.31	0.43	0.78
0.1	0.10	0.75
0.21	0.11	1.36
0.10	0.39	0.39
0.62	0.2	0.33
0.25	0.12	0.25
0.45	0.86	0.57
0.66	0.47	0.44
0.3	0.51	0.2
0.4	0.49	0.3
0.36	0.24	0.10
0.73	0.57	1.9
0.18	0.7	0.65
0.84	0.16	0.51
0.18	0.85	0.59
0.62	0.71	1.31
0.4	0.17	0.44
0.52	0.96	0.75
0.46	1.3	1.76
0.14	0.50	1.9
0.39	0.28	0.0
0.4	0.69	0.35
0.34	0.35	0.0
0.55	0.8	0.5
0.9	0.7	0.24
0.23	0.71	0.25
0.93	0.52	0.13
0.40	0.3	0.30
0.67	0.42	0.13
0.66	0.15	0.38
0.7	0.6	0.69
0.5	0.6	0.22
0.14	0.23	0.20
0.26	0.72	0.46
0.51	0.81	0.58
0.80	0.22	0.56
0.8	0.35	0.73
0.30	0.7	1.4
0.73	0.13	0.75
0.32	-1.29	0.2
0.14	0.61	0.23
0.79	0.14	0.32
1.60	0.8	0.1
0.13	0.58	0.22
0.6	0.22	0.51
0.30	0.27	1.47
0.30	0.40	1.70
0.12	0.21	0.89
0.84	0.23	0.51
0.48	0.43	1.28
0.82	0.19	1.7
0.19	0.12	1.19
0.20	0.88	0.76
0.5	0.36	0.2
0.34	0.18	0.48
0.36	0.64	0.98
0.43	0.46	0.95
0.71	1.0	0.3
0.64	0.6	0.10
0.19	0.72	0.79
0.23	0.22	0.58
0.9	0.19	0.36
0.68	0.22	0.20
0.18	0.29	0.87
0.36	0.4	0.49
0.41	0.36	0.80
0.9	0.5	0.88
0.2	0.27	0.20
1.0	0.0	0.72
0.16	0.46	0.54
0.9	0.34	0.52
0.75	0.43	0.42
0.43	0.62	0.2
0.0	0.5	0.58
0.49	0.1	0.10
0.2	0.16	0.4
-1.18	0.9	0.4
0.9	0.12	0.76
0.74	0.45	0.44
0.56	0.15	0.18
0.58	0.24	0.48
0.80	0.19	0.9
0.66	0.1	0.27
0.52	0.66	0.87
0.74	0.52	0.42
0.23	1.2	0.54
0.30	0.43	0.15
0.51	0.9	0.93
0.31	0.64	1.49
0.52	0.15	0.53
-1.24	0.41	0.31
0.42	0.58	0.48
-1.0	0.37	1.13
0.1	0.68	1.2
0.41	0.36	0.93
1.49	0.8	0.11