0.7
0.7
-1.1
-1.8
0.76
0.55
0.55
0.31
0.85
0.85
-1.16
0.54
0.54
-2.6
-2.6
0.69
0.22
0.22
0.62
0.62
-1.1
-1.23
-1.69
-2.52
-1.41
-1.41
0.38
0.69
-1.93
-1.6
-1.6
-2.9
0.7
-1.8
-1.47
-2.2
-2.3
-1.26
0.0
0.84
-1.25
-1.25
-1.37
0.85
-1.9
0.76
0.76
-1.10
0.77
0.76
-1.58
-1.54
-1.54
-2.23
-2.23
0.84
0.61
0.61
-1.0
-1.0
0.99
-1.11
0.71
0.61
-1.14
-1.14
0.91
0.62
0.53
-1.8
-1.8
-2.1
0.84
0.77
0.96
0.24
0.22
-1.15
0.92
0.0
0.7
0.7
0.38
0.15
0.70
0.30
0.30
0.7
0.61
0.61
0.47
0.93
0.93
0.7
0.7
0.38
0.85
0.85
0.15
0.15
0.7
-1.37
0.7
0.39
-1.0
-1.0
0.60
-1.76
0.61
0.45
0.45
0.7
0.69
0.22
-1.8
-1.70
-1.70
0.7
0.68
0.7
0.93
0.93
0.23
0.69
-1.6
0.84
0.84
0.69
0.55
0.55
0.77
0.70
0.70
0.76
0.76
0.7
-1.14
-1.14
0.69
0.69
0.7
0.61
0.15
0.53
0.23
0.23
-1.15
0.31
0.84
0.7
0.7
0.46
0.86
0.99
-1.9
0.54
0.54
0.31
0.7
0.84
-1.67
-1.67
0.30
0.38
0.77
-1.37
-1.37
-1.30
-1.30
-1.30
0.61
0.31
0.31
0.0
0.0
0.76
-1.0
-1.0
0.31
0.31
0.54
0.23
0.0
0.15
0.69
0.69
0.54
0.84
0.23
0.53
0.53
0.30
0.38
0.52
-1.31
-1.8
-1.10
0.30
0.15
0.15
0.15
0.15
0.15
0.92
0.76
0.61
0.61
0.23
0.7
0.7
-1.8
0.69
0.69
0.7
0.7
0.30
0.69
0.69
0.7
0.7
0.23
0.23
0.7
-1.39
-1.53
-1.53
0.0
0.84
0.83
0.7
0.7
-1.39
-1.25
0.7
0.23
0.22
0.22
0.46
-1.0
0.62
0.70
0.70
0.70
0.76
0.54
0.0
0.0
0.83
-1.6
-1.6
0.38
0.0
0.0
0.53
0.53
0.23
0.31
0.31
0.7
0.7
0.22
0.22
0.60
0.91
0.39
0.39
0.30
-1.74
0.15
-1.30
-1.30
0.30
0.75
0.83
0.85
0.31
0.31
0.61
0.37
-1.60
0.54
0.54
-1.31
0.30
0.60
0.7
0.7
0.23
0.15
0.15
0.0
1.4
1.4
0.15
0.15
0.68
0.60
0.60
0.23
0.23
0.37
0.53
0.91
0.68
0.61
0.61
1.10
1.30
0.45
0.84
0.84
0.38
1.6
0.92
0.37
0.52
0.52
0.7
1.31
0.60
0.60
0.60
0.7
0.37
0.38
1.59
1.59
0.30
0.44
0.45
0.68
0.7
0.7
0.76
0.76
1.15
0.45
0.45
0.37
0.37
0.45
0.7
0.22
0.15
0.67
0.67
0.15
1.42
0.96
1.29
1.29
0.22
0.75
0.22
0.7
0.52
0.52
0.81
-1.19
0.53
0.0
0.0
0.68
0.45
0.67
0.75
0.75
0.7
0.37
0.37
0.83
0.7
0.7
0.97
0.97
0.82
-1.29
-1.29
0.15
0.15
0.38
0.45
0.68
0.68
0.7
0.7
0.22
0.30
-1.50
0.83
0.83
0.84
0.61
0.52
0.0
0.89
0.90
0.30
0.7
0.7
0.22
0.22
-1.6
0.38
0.53
0.52
0.52
-1.3
-1.44
-1.44
-1.7
0.53
0.53
0.45
0.45
1.16
0.7
0.7
0.44
0.44
0.30
0.0
0.60
0.38
0.84
0.84
0.0
0.0
0.52
0.76
0.76
0.45
0.38
0.7
0.15
0.22
0.22
0.99
-1.22
0.0
0.23
0.23
-1.6
0.44
0.37
0.45
0.45
0.38
0.30
0.29
0.30
0.91
0.91
0.61
0.61
-1.20
0.75
0.75
0.90
0.90
0.83
-1.36
0.60
-1.14
0.7
0.7
0.60
0.0
-2.20
0.38
0.38
0.30
0.53
-1.35
0.7
0.7
0.7
0.91
0.7
0.89
0.45
0.45
0.7
0.75
0.84
1.20
1.20
0.0
1.53
1.53
0.61
0.75
0.75
1.27
1.27
1.14
1.66
1.66
2.10
2.10
1.83
1.16
1.63
1.35
3.35
3.35
3.49
4.41
3.43
4.97
4.97
5.92
5.77
6.26
6.85
8.43
8.46
7.39
7.22
7.96
8.97
8.97
7.23
7.78
6.36
7.84
7.84
7.83
7.53
7.53
6.27
6.25
6.25
5.87
5.87
6.75
6.37
6.37
9.81
9.81
10.32
12.62
12.16
14.70
17.10
17.10
16.71
19.73
22.20
23.37
23.37
28.26
32.78
33.66
45.91
57.98
57.98
86.46
122.27
150.28
176.34
176.34
-175.83
-174.14
-175.33
-169.35
-156.31
-159.42
-147.73
-147.73
-149.90
-148.0
-148.0
-144.25
-144.25
-141.47
-138.33
-138.33
-135.53
-137.3
-135.35
-138.71
-138.33
-133.15
-126.97
-126.97
-123.68
-119.53
-116.11
-119.16
-119.16
-118.72
-120.23
-118.70
-119.19
-121.65
-121.65
-126.29
-131.57
-136.65
-137.22
-137.22
-141.48
-144.79
-145.89
-145.53
-148.93
-148.93
-147.68
-147.68
-146.13
-141.44
-141.44
-136.53
-136.53
-135.61
-132.40
-131.24
-131.83
-135.76
-135.76
-136.54
-133.39
-132.96
-133.88
-133.88
-133.75
-132.65
-129.14
-128.29
-127.35
-127.35
-126.58
-125.90
-125.1
-125.36
-125.36
-125.55
-123.79
-122.17
-123.15
-122.33
-122.33
-118.81
-118.81
-117.47
-116.24
-116.24
-119.6
-119.6
-117.71
-116.69
-116.58
-118.78
-115.54
-115.54
-115.79
-114.48
-113.97
-112.94
-112.94
-111.87
-112.29
-111.0
-111.8
-111.45
-111.45
-112.79
-110.16
-110.47
-111.17
-111.17
-109.95
-110.83
-108.38
-107.79
-107.79
-106.89
-106.87
-106.87
-106.26
-105.45
-105.45
-107.2
-107.2
-107.3
-106.3
-106.3
-105.38
-105.24
-105.35
-107.44
-105.5
-104.86
-104.80
-104.80
-104.55
-106.80
-105.5
-104.96
-104.96
-106.58
-104.29
-106.18
-106.86
-106.10
-106.10
-107.35
-105.70
-106.54
-105.10
-105.10
-106.47
-104.65
-104.44
-107.2
-106.42
-106.42
-107.19
-107.19
-104.91
-106.18
-106.18
-105.23
-105.23
-106.47
-105.7
-105.18
-105.85
-105.61
-105.61
-106.13
-105.87
-106.7
-107.8
-107.8
-104.58
-105.18
-104.70
-105.5
-105.39
-105.39
-105.39
-104.91
-103.83
-104.86
-104.86
-105.18
-105.83
-104.94
-104.30
-104.73
-106.42
-104.29
-104.29
-105.23
-103.82
-103.82
-106.58
-106.58
-105.31
-105.10
-105.10
-104.73
-105.92
-105.92
-104.1
-104.41
-102.71
-104.7
-104.7
-104.86
-103.95
-103.37
-104.79
-105.26
-104.51
-103.88
-103.58
-102.72
-103.8
-103.8
-103.23
-103.89
-104.18
-102.84
-102.84
-103.48
-104.2
-104.2
-102.29
-102.0
-102.0
-102.73
-102.73
-102.77
-101.90
-101.90
-100.33
-100.30
-100.93
-100.85
-101.9
-99.47
-99.75
-99.75
-99.49
-100.42
-99.59
-99.49
-99.49
-99.71
-99.16
-99.73
-100.62
-100.6
-100.6
-99.86
-99.8
-99.51
-98.58
-98.58
-99.92
-99.95
-98.59
-98.59
-98.77
-98.77
-98.49
-98.49
-99.59
-98.74
-98.74
-99.42
-99.42
-99.58
-99.47
-99.69
-98.66
-99.57
-99.57
-99.18
-98.13
-98.76
-99.63
-99.63
-99.19
-98.13
-97.74
-99.20
-99.13
-98.97
-98.21
-97.64
-99.9
-99.12
-99.12
-98.35
-98.45
-98.36
-98.39
-98.39
-98.27
-97.22
-97.22
-98.7
-98.17
-98.17
-98.38
-98.38
-98.57
-97.62
-97.62
-97.90
-97.86
-97.78
-97.89
-97.50
-98.8
-97.52
-97.52
-97.92
-98.26
-97.78
-98.37
-98.37
-97.70
-98.7
-96.73
-97.29
-97.39
-97.39
-98.38
-97.90
-97.90
-97.43
-97.43
-97.89
-98.42
-98.50
-97.34
-98.97
-98.97
-98.0
-98.0
-98.5
-97.96
-97.96
-98.19
-98.19
-99.37
-99.15
-99.10
-97.43
-98.24
-98.24
-97.57
-97.53
-97.37
-98.48
-98.48
-97.74
-98.68
-98.27
-97.85
-97.72
-97.72
-97.21
-98.16
-98.16
-98.99
-98.99
-97.97
-98.52
-98.20
-97.90
-98.14
-99.4
-97.86
-97.86
-98.48
-98.27
-98.27
-98.23
-98.23
-97.77
-97.79
-97.79
-98.29
-98.18
-98.18
-97.36
-98.57
-97.91
-97.20
-97.20
-97.96
-98.34
-97.63
-97.54
-97.54
-98.72
-97.6
-98.15
-98.53
-98.51
-98.51
-98.48
-97.49
-97.53
-97.66
-97.66
-98.91
-98.26
-98.26
-98.9
-98.11
-98.11
-97.55
-97.55
-99.27
-97.93
-97.93
-98.85
-98.85
-97.93
-98.81
-97.54
-97.86
-98.35
-98.35
-98.68
-97.84
-98.47
-98.1
-98.1
-99.28
-99.22
-97.84
-99.10
-98.50
-98.50
-99.18
-98.96
-98.39
-98.94
-98.94
-99.24
-98.36
-98.88
-97.19
-97.9
-98.76
-98.68
-98.68
-99.3
-97.93
-97.93
-98.70
-98.70
-98.38
-98.46
-98.46
-98.25
-98.67
-98.67
-98.78
-98.4
-99.15
-99.20
-99.20
-98.50
-98.98
-98.39
-98.29
-98.18
-98.42
-98.84
-98.28
-99.10
-97.86
-97.86
-98.58
-98.19
-98.45
-98.23
-98.23
-98.91
-97.15
-97.15
-98.3
-98.85
-98.85
-97.85
-97.85
-97.86
-97.90
-97.90
-97.21
-97.18
-98.62
-97.67
-98.73
-98.23
-97.55
-97.55
-97.88
-98.59
-99.48
-97.78
-97.78
-98.54
-98.7
-98.24
-97.21
-97.98
-97.98
-98.77
-97.75
-97.27
-98.3
-98.3
-98.2
-98.66
-96.76
-98.33
-97.89
-97.89
-97.67
-97.67
-99.4
-99.4
-99.4
-98.90
-98.90
-97.96
-97.41
-97.14
-98.37
-98.41
-98.41
-97.16
-97.21
-97.87
-98.21
-98.21
-98.83
-97.41
-97.40
-97.47
-97.37
-98.48
-97.12
-96.59
-96.87
-97.86
-97.86
-97.51
-97.51
-97.24
-96.94
-96.94
-97.55
-97.65
-97.65
-98.21
-97.97
-97.97
-97.46
-97.46
-98.3
-97.35
-97.35
-97.49
-97.20
-97.12
-97.57
-97.0
-96.66
-96.59
-96.59
-97.50
-97.38
-96.46
-96.55
-96.55
-97.73
-97.50
-97.26
-98.12
-96.66
-96.66
-96.78
-97.62
-97.17
-97.55
-97.55
-96.79
-97.61
-96.19
-98.30
-97.15
-97.15
-97.26
-97.26
-97.14
-98.53
-98.53
-96.37
-96.37
-97.36
-97.18
-97.24
-96.70
-96.43
-96.43
-96.75
-97.18
-96.91
-96.74
-96.74
-96.97
-96.65
-98.29
-97.20
-96.47
-96.47
-96.65
-97.96
-97.37
-96.67
-96.67
-97.84
-96.82
-97.18
-96.95
-96.98
-95.71
-96.64
-96.64
-96.41
-98.14
-98.14
-96.73
-96.73
-96.27
-96.27
-96.27
-96.23
-97.71
-97.71
-97.30
-96.56
-96.38
-96.36
-96.36
-96.47
-96.94
-97.9
-96.98
-97.1
-97.72
-97.71
-96.64
-97.54
-96.73
-96.73
-97.8
-96.72
-96.79
-97.66
-97.66
-97.26
-98.25
-98.25
-98.25
-98.14
-98.14
-97.64
-97.64
-98.15
-97.76
-97.76
-97.71
-97.60
-98.49
-98.25
-98.92
-98.14
-98.47
-98.47
-97.84
-98.11
-98.14
-98.66
-98.66
-97.75
-98.6
-98.9
-98.54
-98.7
-98.7
-97.98
-96.57
-97.28
-98.29
-98.29
-97.45
-97.61
-99.15
-99.62
-100.29
-100.29
-99.90
-99.90
-98.62
-99.88
-99.88
-98.55
-98.55
-97.6
-97.97
-97.80
-98.2
-98.18
-98.18
-97.69
-98.20
-98.78
-99.14
-99.14
-97.91
-98.0
-97.64
-97.30
-97.43
-97.53
-98.10
-98.15
-99.7
-98.90
-98.90
-98.86
-98.62
-99.14
-100.50
-100.50
-99.2
-100.32
-100.32
-99.33
-100.55
-100.55
-100.42
-100.42
-99.44
-99.90
-99.90
-100.38
-100.52
-101.45
-100.29
-99.86
-99.52
-100.26
-100.26
-100.89
-101.36
-98.70
-101.20
-101.20
-101.88
-100.98
-100.90
-101.11
-100.77
-100.77
-101.28
-101.12
-100.29
-101.39
-101.39
-100.9
-102.26
-101.95
-100.37
-100.50
-100.50
-100.18
-100.18
-100.40
-99.84
-99.84
-101.11
-101.11
-101.88
-101.31
-101.21
-102.83
-101.78
-101.78
-101.8
-101.63
-103.49
-101.73
-101.73
-101.67
-102.25
-101.80
-101.88
-101.90
-101.90
-102.11
-101.63
-102.55
-101.37
-101.37
-102.83
-102.29
-101.52
-102.27
-102.78
-102.54
-100.28
-100.28
-102.45
-102.9
-102.9
-102.25
-102.25
-101.13
-102.32
-102.32
-102.28
-102.28
-102.28
-101.61
-102.39
-101.66
-102.85
-102.85
-101.88
-101.81
-101.31
-102.23
-102.2
-101.68
-101.57
-102.2
-104.46
-103.7
-103.7
-102.42
-102.4
-102.57
-102.2
-102.2
-104.35
-102.79
-102.79
-103.52
-102.75
-102.75
-103.26
-103.26
-101.95
-101.84
-101.84
-104.69
-104.69
-102.90
-103.67
-101.9
-101.62
-102.75
-102.75
-102.97
-103.6
-102.59
-103.5
-103.5
-104.27
-103.43
-103.45
-103.1
-103.46
-103.46
-104.94
-104.13
-102.46
-104.96
-104.96
-102.66
-103.41
-104.43
-104.68
-103.62
-103.62
-104.27
-104.27
-104.99
-103.16
-103.16
-104.0
-104.0
-103.51
-103.77
-104.9
-104.16
-103.1
-103.1
-103.69
-103.13
-103.65
-101.83
-101.83
-104.22
-104.44
-104.15
-104.77
-104.60
-104.94
-103.65
-103.65
-104.58
-103.78
-103.78
-103.79
-103.30
-104.1
-105.68
-105.68
-104.32
-104.66
-104.66
-104.24
-105.73
-105.73
-102.52
-102.52
-103.56
-106.19
-106.19
-104.55
-104.44
-104.66
-105.38
-105.32
-103.77
-104.9
-104.9
-103.34
-104.83
-103.70
-105.19
-105.19
-105.13
-103.85
-104.17
-103.62
-105.33
-105.33
-104.66
-103.70
-104.28
-103.77
-103.77
-105.71
-104.69
-104.3
-103.73
-102.41
-102.41
-104.2
-104.2
-103.2
-103.77
-103.77
-105.5
-105.5
-104.34
-103.98
-103.70
-105.38
-105.63
-105.63
-105.81
-107.6
-106.29
-106.94
-106.94
-108.92
-109.91
-109.72
-110.81
-111.14
-111.14
-114.16
-114.54
-115.94
-118.48
-118.48
-120.64
-124.49
-125.27
-127.98
-128.81
-128.70
-135.52
-135.52
-139.26
-142.24
-142.24
-142.85
-142.85
-148.21
-148.44
-148.44
-150.6
-155.78
-155.78
-161.7
-169.75
-159.38
-167.21
-167.21
-176.98
158.24
118.22
22.36
22.36
12.6
21.46
18.45
14.27
10.91
10.91
11.20
14.0
12.72
10.6
10.6
10.45
9.6
8.52
6.76
6.98
6.98
7.54
7.54
7.30
5.88
5.88
4.85
4.85
3.71
3.60
4.67
4.19
2.92
2.92
3.25
3.33
3.18
2.55
2.55
1.3
0.86
2.6
1.98
2.33
2.30
2.79
2.5
3.28
0.87
0.87
2.42
1.28
2.6
2.8
2.8
1.37
1.37
1.35
2.5
1.88
1.88
2.36
2.36
1.1
0.77
0.77
1.85
1.85
1.91
0.33
0.33
0.8
0.81
0.81
0.56
0.23
0.72
0.40
0.40
0.56
0.64
0.48
0.24
0.16
0.16
1.12
0.55
0.0
0.32
0.32
0.8
0.41
1.56
0.32
0.32
-1.13
1.46
1.46
2.24
0.96
0.96
0.0
0.0
0.87
1.20
1.20
1.27
1.27
0.64
0.96
0.72
0.40
1.4
1.4
0.73
1.53
0.72
0.8
0.8
0.31
0.40
0.88
0.24
0.64
0.63
0.48
0.87
0.64
0.81
0.81
0.24
0.47
0.65
0.16
0.16
0.32
0.8
0.8
0.40
0.90
0.90
0.40
0.40
0.47
0.32
0.32
0.8
0.8
0.24
0.24
0.48
0.24
0.72
0.72
0.7
0.56
0.96
0.16
0.16
1.59
0.55
0.31
1.13
0.74
0.74
0.72
1.13
0.24
0.8
0.8
0.0
1.30
0.79
1.15
1.15
0.7
1.34
1.34
1.35
0.56
0.56
1.48
1.48
1.12
0.79
0.79
1.68
1.68
0.24
0.89
0.89
0.64
0.82
0.82
1.91
0.64
1.29
1.59
1.59
1.46
2.35
2.31
0.72
1.60
1.60
0.96
0.8
1.4
1.13
1.13
2.26
1.53
1.57
1.49
2.7
2.0
1.19
1.19
2.16
2.67
2.67
1.85
1.85
2.52
2.8
2.8
3.46
3.5
2.98
2.36
1.62
1.48
2.93
2.93
1.59
2.47
0.15
1.46
1.46
0.64
1.58
0.32
0.97
0.65
0.65
0.89
0.48
0.41
1.61
1.61
0.72
0.48
0.71
0.80
0.80
0.79
1.97
1.97
0.40
0.73
0.73
0.32
0.32
2.2
0.32
0.32
0.8
0.32
0.32
-1.77
0.0
0.40
-1.39
-1.39
0.40
0.24
0.0
-1.38
-1.38
-1.20
0.16
0.63
0.0
0.31
0.31
-1.37
0.32
1.7
0.63
0.63
-1.45
-1.15
0.24
0.40
-2.50
-2.43
-1.5
-1.5
-1.54
0.56
0.56
-1.38
-1.38
0.63
0.40
0.40
0.57
-1.22
-1.22
-2.18
0.48
-1.83
-1.5
-1.5
0.8
-1.69
0.16
0.8
0.8
-1.30
-1.40
0.64
0.90
0.32
0.32
0.48
-1.26
0.79
0.32
0.32
-1.12
-1.30
-1.85
-2.35
-1.5
-1.2
-1.90
-1.90
0.16
0.32
0.32
0.56
0.56
-2.8
0.72
0.72
0.81
0.31
0.31
0.48
-1.20
0.87
-2.69
-2.69
-1.35
0.40
0.95
-1.21
-1.21
-1.13
-1.31
-1.4
0.55
-2.28
-2.28
-1.47
0.40
-1.38
0.15
0.15
-1.74
-1.13
-1.53
-1.62
0.16
0.16
0.0
0.0
-1.85
0.86
0.86
-1.61
-1.61
0.32
0.74
0.74
-2.64
-1.75
-1.75
0.64
-2.29
-1.68
-1.27
-1.27
-2.50
-1.23
-1.28
0.97
0.97
-2.31
-1.80
-2.21
-1.83
-1.80
-1.80
-2.13
-1.44
0.88
-1.47
-1.47
-1.81
-1.70
-2.61
-1.30
-2.4
-2.4
0.56
0.56
-1.77
-1.22
-1.22
0.24
0.24
-2.17
-1.94
-1.94
-2.46
0.8
0.8
0.56
-3.9
-2.37
-1.55
-1.55
-2.77
-1.99
-1.81
0.98
0.98
-1.69
-2.19
-1.37
0.80
-1.13
-1.13
0.16
-1.42
-1.52
-1.4
-1.4
-2.3
0.48
0.48
-1.77
0.95
0.95
-1.38
-1.38
0.16
0.87
0.87
-1.46
-1.46
-1.21
0.73
0.73
-2.1
-2.19
-2.19
0.74
-1.76
-1.2
-1.52
-1.52
-1.85
-1.65
0.32
0.72
0.72
-2.53
-2.19
-2.45
0.97
-2.15
-2.15
-3.6
-1.28
-2.58
-1.55
-1.55
0.56
-2.15
-2.18
-2.42
-1.89
-1.89
-1.68
-1.68
0.64
0.24
0.24
-1.10
-1.10
0.96
-1.20
-1.20
-1.62
-1.78
-1.78
-2.32
-1.68
-2.37
-1.55
-1.55
-1.3
-1.6
-2.35
-1.29
-1.86
-1.87
-1.88
-2.3
-2.24
-1.93
-1.93
-2.5
-1.5
-1.52
-1.44
-1.44
-1.37
-1.94
-1.95
-1.68
-2.89
-2.89
0.8
0.8
-1.10
-2.54
-2.54
-1.24
-1.24
0.72
-1.76
-2.65
-2.1
-1.90
-1.90
-1.54
0.16
0.71
0.56
0.56
-2.7
-1.29
-2.52
0.97
-1.95
-1.94
-1.5
-1.79
-1.39
-2.39
-2.39
0.72
-2.21
-2.15
-2.19
-2.19
-1.28
-2.66
-2.68
-1.14
-1.45
-1.45
-2.58
-2.58
-2.36
-1.7
-1.7
-2.46
-2.46
-1.53
-2.27
-1.38
-2.31
-2.55
-2.55
-2.4
-2.13
-1.94
-2.91
-2.91
-1.60
0.63
-2.67
-1.57
-2.23
-2.18
-2.42
-1.82
0.89
-1.54
-1.54
-1.21
-1.12
-2.94
-2.60
-2.60
-2.57
-1.66
-1.66
-1.85
-1.79
-1.79
-2.12
-2.12
-2.35
-1.80
-1.80
-1.77
-1.77
-2.73
-1.89
0.98
-2.34
-1.40
-1.40
-1.54
-1.70
-1.62
0.90
0.90
-1.55
-1.6
-1.99
-1.61
-2.3
-2.3
-1.92
0.81
-1.45
-1.11
-1.11
-1.80
0.41
-1.38
-1.51
-1.51
-1.78
-1.31
-1.31
-1.52
0.72
0.72
-2.32
-2.32
-1.77
-1.6
-1.6
-2.43
-2.43
-1.4
-1.21
0.56
0.95
-1.60
-1.60
-1.71
-2.43
-1.52
-2.75
-2.75
-1.20
-1.53
-1.37
-1.70
-1.3
-1.3
-1.45
-2.18
-1.21
-1.23
-1.23
-1.43
-2.20
-1.91
-1.82
-1.82
-1.44
-1.43
-1.43
-2.38
-2.49
-2.49
-1.77
-1.77
-2.64
-2.27
-2.27
-2.32
-2.80
-2.81
0.72
-1.89
-2.22
-1.80
-1.80
-2.73
-2.49
-2.80
0.64
0.64
-2.4
-1.50
-1.20
-1.92
-1.27
-1.27
-1.74
-1.80
-1.99
-2.27
-2.27
-2.30
-1.46
0.80
-1.19
-2.47
-2.52
-2.48
-2.48
-1.11
-2.25
-2.25
-1.51
-1.51
-1.71
-1.30
-1.30
-3.4
-2.0
-2.2
0.32
-1.29
-1.28
-1.19
-1.19
-1.99
0.64
-1.61
-1.12
-1.12
-1.45
0.87
-1.93
0.96
0.63
0.63
0.64
-1.93
0.73
-1.35
-1.35
-1.43
-1.44
-2.1
0.40
-1.80
-1.78
-1.51
-1.51
-1.93
-2.35
-2.35
-2.3
-2.3
-1.52
-2.67
-2.67
-1.5
-2.52
-2.44
-2.23
-1.70
-1.93
-1.2
-1.2
-1.43
-1.36
-2.47
-1.29
-1.29
-1.11
-1.33
0.88
-2.3
-1.68
-1.68
-1.83
-2.45
-2.64
-1.52
-1.52
-2.13
-1.35
-1.73
-3.5
-1.44
-1.46
-1.67
-1.67
-2.31
-3.14
-3.14
-1.53
-1.53
-1.13
-1.27
-1.27
-2.0
0.72
0.74
-1.6
0.94
-1.20
-1.68
-1.68
-1.87
0.24
-1.90
-2.35
-2.35
-2.63
0.98
-2.18
-1.10
-1.67
-1.67
0.56
0.97