51.55
51.93
51.93
52.43
52.43
52.69
52.69
52.27
52.27
51.61
51.61
51.82
51.82
52.46
52.46
51.40
51.40
51.68
51.68
51.98
51.98
51.33
51.33
52.58
52.58
51.82
51.82
51.76
51.76
52.12
52.12
51.89
51.89
52.18
52.18
52.37
52.37
52.29
52.29
52.27
52.27
52.3
52.3
52.81
52.92
52.7
51.95
52.38
52.28
52.28
52.61
52.61
52.26
52.26
52.46
52.46
52.43
52.43
52.50
52.50
52.0
52.0
52.27
52.27
52.65
52.65
52.46
52.46
51.90
51.90
52.9
52.9
52.21
52.21
52.46
52.46
52.31
52.31
52.31
52.31
52.43
52.43
51.81
51.81
52.31
52.31
51.70
51.70
52.20
52.20
52.83
52.83
53.11
53.11
52.12
52.12
52.4
52.4
52.60
52.60
52.4
52.65
52.65
52.40
52.44
52.58
52.58
52.27
52.27
52.62
52.62
52.35
52.35
52.60
52.60
52.43
52.43
52.12
52.12
51.74
51.74
51.96
51.96
52.7
52.7
52.34
52.34
52.30
52.30
51.73
51.73
51.99
51.99
52.4
52.4
52.2
52.2
52.26
52.26
51.82
51.82
52.71
52.71
52.11
52.11
52.19
52.19
51.39
51.39
52.49
52.49
52.45
52.45
52.69
52.69
52.58
52.58
52.28
52.28
52.16
52.69
52.61
52.28
52.35
52.67
52.67
52.40
52.40
51.86
51.86
52.17
52.17
52.35
52.35
51.45
51.45
52.76
52.76
52.44
52.44
52.84
52.84
52.83
52.83
52.39
52.39
52.24
52.24
51.92
51.92
51.83
51.83
52.63
52.63
52.63
52.63
51.80
51.80
52.10
52.10
52.8
52.8
52.28
52.28
52.86
52.86
52.48
52.48
52.9
52.9
52.53
52.53
53.9
53.9
52.11
52.11
52.76
52.76
51.70
51.65
52.42
52.42
52.34
52.19
52.19
51.98
51.98
52.54
52.54
52.55
52.55
52.80
52.80
52.96
52.96
52.20
52.20
52.33
52.33
51.78
51.78
51.65
51.65
52.30
52.30
52.53
52.53
51.87
51.87
51.79
51.79
51.54
51.54
51.77
51.77
52.32
52.32
52.22
52.22
51.28
51.28
52.48
52.48
52.16
52.16
51.92
51.92
51.83
51.83
52.39
52.39
51.53
51.53
52.39
52.39
52.18
51.62
51.77
51.94
51.83
52.22
51.95
52.17
52.17
52.39
52.39
52.12
52.12
52.24
52.24
51.95
51.95
52.26
52.26
52.5
52.5
52.0
52.0
51.63
51.63
52.39
52.39
51.87
51.87
51.72
51.72
51.79
51.79
51.51
51.51
51.96
51.96
52.95
52.95
52.27
52.27
51.93
51.93
52.70
52.70
52.72
52.72
52.63
52.63
52.40
52.40
51.75
51.75
52.71
52.71
52.10
52.10
51.89
51.89
52.49
52.18
52.22
52.27
51.77
51.74
51.74
52.20
52.20
51.91
51.91
52.40
52.40
51.29
51.29
52.3
52.3
52.65
52.65
52.45
52.45
52.39
52.39
52.10
52.10
51.75
51.75
51.96
51.96
51.61
51.61
52.1
52.1
51.97
51.97
51.83
51.83
52.47
52.47
52.29
52.29
52.8
52.8
51.50
51.50
52.5
52.5
52.73
52.73
52.29
52.29
52.16
52.16
52.1
52.1
52.53
52.53
52.84
52.84
52.70
53.6
52.66
52.72
52.45
52.17
52.29
52.6
52.6
52.65
52.65
52.0
52.0
52.22
52.22
51.69
51.69
52.30
52.30
52.23
52.23
52.28
52.28
51.52
51.52
51.27
51.27
52.8
52.8
51.40
51.40
52.37
52.37
51.71
51.71
51.38
51.38
51.78
51.78
51.90
51.90
52.46
52.46
52.37
52.37
51.84
51.84
52.74
52.74
52.70
52.70
52.69
52.69
51.98
51.98
52.5
52.5
51.94
51.94
52.5
52.5
52.2
52.36
53.6
52.53
51.55
52.52
52.52
52.0
52.0
51.97
51.97
52.3
52.3
52.33
52.33
51.56
51.56
52.19
52.19
51.89
51.89
51.46
51.46
52.20
52.20
51.58
51.58
50.58
50.58
51.47
51.47
51.8
51.8
50.77
50.77
50.86
50.86
51.24
51.24
51.10
51.10
51.3
51.3
50.35
50.35
50.60
50.60
50.91
50.91
50.63
50.63
51.74
51.74
51.26
51.26
50.69
50.69
50.51
50.51
50.48
50.33
50.45
50.36
50.44
50.60
50.60
50.65
50.65
50.38
50.38
50.88
50.88
50.1
50.1
50.41
50.41
50.15
50.15
50.16
50.16
50.41
50.41
50.36
50.36
50.9
50.9
50.7
50.7
50.3
50.3
50.49
50.49
50.16
50.16
50.40
50.40
50.65
50.65
50.68
50.68
50.57
50.57
50.53
50.53
50.29
50.29
50.51
50.51
50.11
50.11
49.97
49.97
49.97
49.97
49.63
49.63
50.28
50.28
50.28
50.55
50.83
50.98
50.47
50.95
50.95
49.82
49.82
50.58
50.58
50.6
50.6
50.11
50.11
50.61
50.61
50.8
50.8
50.30
50.30
50.1
50.1
49.90
49.90
50.46
50.46
50.16
50.16
50.90
50.90
50.19
50.19
50.40
50.40
50.23
50.23
49.85
49.85
50.51
50.51
50.53
50.53
49.47
49.47
50.30
50.30
50.31
50.31
50.89
50.89
50.38
50.38
50.74
50.74
50.23
50.23
50.32
50.32
50.40
50.40
50.7
50.47
50.47
50.17
50.5
49.48
49.48
50.29
50.29
50.58
50.58
50.16
50.16
50.17
50.17
49.74
49.74
50.3
50.3
50.64
50.64
50.33
50.33
47.91
47.91
47.24
47.24
47.81
47.81
45.33
45.33
42.16
42.16
37.60
37.60
33.16
33.16
30.27
30.27
25.39
25.39
17.88
17.88
8.11
8.11
1.9
1.9
-1.76
-1.76
-3.39
-3.39
-5.5
-5.5
-5.10
-5.10
-3.83
-3.83
-3.99
-3.99
-5.65
-5.65
-7.6
-7.5
-6.35
-6.36
-6.36
-8.26
-8.26
-9.88
-9.88
-11.74
-11.74
-13.69
-13.69
-15.86
-15.86
-17.44
-17.44
-19.63
-19.63
-21.70
-21.70
-22.0
-22.0
-23.34
-23.34
-23.89
-23.89
-25.45
-25.45
-26.23
-26.23
-26.35
-26.35
-28.29
-28.29
-29.2
-29.2
-30.12
-30.12
-31.37
-31.37
-32.55
-32.55
-33.65
-33.65
-34.98
-34.98
-35.97
-35.97
-36.82
-36.82
-37.43
-37.43
-38.39
-38.39
-38.64
-38.64
-39.36
-39.22
-39.48
-39.67
-39.79
-40.14
-40.14
-40.58
-40.58
-40.81
-40.81
-41.52
-41.52
-41.22
-41.22
-41.53
-41.53
-42.16
-42.16
-42.52
-42.52
-42.52
-42.52
-42.70
-42.70
-42.52
-42.52
-43.34
-43.34
-43.22
-43.22
-43.83
-43.83
-43.22
-43.22
-43.53
-43.53
-43.77
-43.77
-44.52
-44.52
-44.44
-44.44
-43.86
-43.86
-43.55
-43.55
-43.95
-43.95
-43.80
-43.80
-44.2
-44.2
-43.90
-43.90
-43.81
-43.81
-44.11
-44.23
-44.3
-43.71
-43.84
-43.59
-43.59
-43.31
-43.31
-43.63
-43.63
-43.61
-43.61
-42.86
-42.86
-43.41
-43.41
-43.31
-43.31
-43.50
-43.50
-43.85
-43.85
-44.43
-44.43
-43.55
-43.55
-43.69
-43.69
-43.71
-43.71
-43.79
-43.79
-44.3
-44.3
-43.27
-43.27
-43.30
-43.30
-43.76
-43.76
-44.19
-44.19
-43.57
-43.57
-43.78
-43.78
-42.91
-42.91
-43.42
-43.42
-43.52
-43.52
-43.49
-43.49
-43.61
-43.57
-43.42
-43.15
-43.1
-43.78
-43.78
-43.81
-43.81
-43.73
-43.73
-43.57
-43.57
-43.57
-43.57
-43.35
-43.35
-43.68
-43.68
-43.51
-43.51
-43.39
-43.39
-43.28
-43.28
-43.47
-43.47
-43.25
-43.25
-43.25
-43.25
-43.54
-43.54
-43.84
-43.84
-43.8
-43.8
-43.66
-43.66
-42.98
-42.98
-43.76
-43.76
-43.37
-43.37
-43.44
-43.44
-43.80
-43.80
-43.71
-43.71
-42.98
-42.98
-43.8
-43.8
-43.75
-43.75
-43.69
-43.42
-43.42
-43.81
-43.81
-43.50
-43.52
-43.64
-43.64
-43.35
-43.35
-43.37
-43.37
-43.30
-43.30
-43.89
-43.89
-43.47
-43.47
-43.33
-43.33
-43.79
-43.79
-43.69
-43.69
-43.57
-43.57
-43.20
-43.20
-44.12
-44.12
-43.52
-43.52
-43.64
-43.64
-43.25
-43.25
-43.83
-43.83
-43.81
-43.81
-43.45
-43.45
-43.64
-43.64
-43.42
-43.42
-43.8
-43.8
-43.35
-43.35
-43.79
-43.79
-43.55
-43.55
-43.67
-43.81
-43.81
-43.55
-43.40
-43.55
-43.79
-43.20
-43.20
-43.59
-43.59
-43.74
-43.74
-43.69
-43.69
-44.15
-44.15
-43.93
-43.93
-43.18
-43.18
-43.50
-43.50
-43.50
-43.50
-43.66
-43.66
-43.52
-43.52
-43.45
-43.45
-43.42
-43.42
-44.12
-44.12
-43.69
-43.69
-43.52
-43.52
-43.23
-43.23
-43.71
-43.71
-44.29
-44.29
-43.67
-43.67
-43.45
-43.45
-42.96
-42.96
-43.37
-43.37
-43.74
-43.74
-43.33
-43.33
-43.35
-43.11
-43.57
-43.79
-43.69
-43.33
-43.33
-44.8
-44.8
-43.64
-43.64
-43.6
-43.6
-43.74
-43.74
-43.6
-43.6
-43.64
-43.64
-43.98
-43.98
-43.35
-43.35
-43.98
-43.98
-43.35
-43.35
-43.91
-43.91
-43.98
-43.98
-43.62
-43.62
-43.86
-43.86
-43.85
-43.85
-43.76
-43.76
-43.89
-43.89
-43.64
-43.64
-43.67
-43.67
-43.81
-43.81
-43.52
-43.52
-43.77
-43.77
-43.94
-43.94
-43.23
-43.23
-43.37
-43.37
-43.49
-43.51
-43.98
-43.40
-43.40
-43.23
-43.23
-43.59
-43.59
-43.86
-43.86
-43.91
-43.91
-43.70
-43.70
-43.82
-43.82
-43.40
-43.40
-44.14
-44.14
-43.81
-43.81
-43.91
-43.91
-43.97
-43.97
-43.47
-43.47
-43.37
-43.37
-43.89
-43.89
-43.84
-43.84
-43.15
-43.15
-43.18
-43.18
-43.91
-43.91
-43.67
-43.67
-43.50
-43.50
-43.30
-43.30
-43.91
-43.91
-43.61
-43.61
-43.57
-43.57
-43.50
-43.52
-43.50
-43.45
-43.40
-43.68
-43.68
-43.13
-43.13
-43.40
-43.40
-43.33
-43.33
-43.8
-43.8
-43.28
-43.28
-43.74
-43.74
-43.86
-43.86
-43.40
-43.40
-43.59
-43.59
-44.10
-44.10
-43.57
-43.57
-43.30
-43.30
-43.79
-43.79
-43.45
-43.45
-43.76
-43.76
-44.3
-44.3
-43.33
-43.33
-43.18
-43.18
-43.54
-43.54
-42.89
-42.89
-43.50
-43.50
-43.47
-43.47
-43.20
-43.20
-43.3
-43.3
-43.35
-43.35
-42.79
-43.8
-43.45
-43.64
-43.25
-42.84
-43.90
-42.98
-42.98
-43.49
-43.49
-43.84
-43.84
-43.57
-43.57
-43.21
-43.21
-42.84
-42.84
-43.35
-43.35
-43.59
-43.59
-43.57
-43.57
-42.50
-42.50
-43.52
-43.52
-43.75
-43.75
-43.1
-43.1
-41.92
-41.92
-40.38
-40.38
-40.1
-40.1
-40.37
-40.37
-39.50
-39.50
-38.98
-38.98
-37.74
-37.74
-36.54
-36.54
-35.47
-35.47
-34.44
-34.44
-32.89
-32.89
-30.75
-30.75
-28.98
-28.0
-27.44
-25.54
-25.15
-22.73
-22.44
-20.55
-19.90
-19.90
-17.76
-17.76
-16.48
-16.48
-14.70
-14.70
-12.61
-12.61
-10.43
-10.43
-8.3
-8.3
-6.1
-6.1
-4.96
-4.96
-2.53
-2.53
0.81
0.81
4.70
4.70
7.7
7.7
9.33
9.33
12.18
12.18
13.4
13.4
15.43
15.43
16.80
17.35
17.35
20.12
20.12
22.18
22.18
23.80
23.80
25.89
25.89
28.29
28.29
30.13
30.13
31.86
33.6
34.40
35.97
37.78
39.82
39.82
42.2
42.2
43.86
43.86
45.22
45.22
48.1
48.1
49.23
49.23
50.21
50.21
51.17
51.17
50.82
50.82
51.82
51.82
52.17
52.17
51.93
51.93
52.14
52.14
51.56
51.56
51.71
51.71
51.26
51.26
51.34
51.34
50.74
50.74
50.95
50.95
51.53
51.53
51.23
51.23
51.45
51.45
50.88
50.88
51.69
51.69
51.74
51.74
52.37
52.37
51.56
51.56
51.68
51.71
51.28
51.2
51.58
52.18
52.1
51.88
51.88
51.18
51.18
51.68
51.68
52.58
52.58
52.32
52.32
53.19
53.19
53.41
53.41
52.87
52.87
53.29
53.29
53.68
53.68
54.5
54.5
53.39
53.39
54.30
54.30
54.44
54.44
53.28
53.28
53.42
53.42
53.91
53.91
53.23
53.23
53.70
53.70
54.8
54.8
53.98
53.98
53.75
53.75
53.28
53.28
53.2
53.2
54.69
54.69
54.36
54.6
54.6
54.9
54.22
54.19
53.62
54.22
54.22
53.57
53.57
53.66
53.66
53.82
53.82
54.20
54.20
54.82
54.82
53.89
53.89
54.99
54.99
53.86
53.86
54.40
54.40
54.46
54.46
53.75
53.75
53.82
53.82
54.4
54.4
53.40
53.40
53.67
53.67
53.66
53.66
53.40
53.40
52.57
52.57
53.19
53.19
53.8
53.8
52.64
52.64
52.19
52.19
52.85
52.85
51.35
51.35
52.41
52.8
51.86
51.86
52.27
51.80
51.7
52.35
52.35
52.52
52.52
52.38
52.38
52.85
52.85
51.92
51.92
52.23
52.23
51.71
51.71
52.9
52.9
52.58
52.58
51.76
51.76
51.67
51.67
51.56
51.56
53.0
53.0
51.58
51.58
51.70
51.70
53.10
53.10
51.55
51.55
52.55
52.55
52.46
52.46
51.93
51.93
51.92
51.92
52.46
52.46
52.8
52.8
52.10
52.10
52.31
52.31
52.13
52.13
51.76
51.79
52.38
52.32
52.18
51.75
51.75
52.25
52.25
51.67
51.67
52.57
52.57
52.85
52.85
51.81
51.81
52.58
52.58
51.80
51.80
52.42
52.42
51.78
51.78
51.98
51.98
52.0
52.0
51.59
51.59
51.50
51.50
52.36
52.36
51.49
51.49
52.39
52.39
51.30
51.30
52.0
52.0
51.81
51.81
51.54
51.54
52.44
52.44
51.84
51.84
52.51
52.51
52.3
52.3
52.31
52.31
51.87
51.87
51.77
52.17
52.12
52.48
53.30
52.8
52.8
51.47
51.47
52.10
52.10
51.41
51.41
52.98
52.98
52.69
52.69
51.54
51.54
51.81
51.81
51.94
51.94
52.13
52.13
51.80
51.80
51.60
51.60
51.76
51.76
52.70
52.70
51.86
51.86
51.88
51.88
51.7
51.7
51.94
51.94
52.44
52.44
52.29
52.29
52.26
52.26
52.49
52.49
50.93
50.93
51.90
51.90
52.52
52.52
51.56
51.56
52.37
51.98
52.39
52.48
52.58
52.58
52.58
52.9
52.9
51.80
51.80
51.15
51.15
52.2
52.2
52.47
52.47
52.79
52.79
52.1
52.1
51.70
51.70
52.7
52.7
52.37
52.37
51.67
51.67
51.82
51.82
51.51
51.51
51.60
51.60
52.65
52.65
52.67
52.67
51.58
51.58
51.65
51.65
52.3
52.3
52.32
52.32
52.50
52.50
52.4
52.4
52.7
52.7
51.54
51.54
52.52
52.52
52.9
52.9
51.90
51.90
51.43
51.30
50.94
51.54
52.3
52.25
52.25
52.12
52.12
51.33
51.33
51.17
51.17
51.61
51.61
52.4
52.4
51.51
51.51
51.45
51.45
51.17
51.17
51.71
51.71
51.97
51.97
52.40
52.40
51.16
51.16
52.8
52.8
52.23
52.23
52.5
52.5
52.19
52.19
51.75
51.75
52.39
52.39
51.91
51.91
52.3
52.3
51.79
51.79
51.99
51.99
52.88
52.88
52.1
52.1
53.47
53.47
52.50
52.50
51.81
51.81
51.85
51.72
51.90
52.34
52.34
52.34
52.34
51.85
51.85
52.71
52.71
52.7
52.7
52.29
52.29
52.48
52.48
52.8
52.8
51.13
51.13
51.61
51.61
52.15
52.15
52.69
52.69
52.50
52.50
52.21
52.21
51.77
51.77
52.13
52.13
53.56
53.56
52.10
52.10
52.7
52.7
52.3
52.3
51.94
51.94
52.31
52.31
52.65
52.65
51.78
51.78
52.13
52.13
52.28
52.28
53.4
53.4
52.18
52.1
52.28
51.99
52.49
52.42
52.11
52.48
52.48
52.73
52.73
52.6
52.6
52.13
52.13
52.93
52.93
52.7
52.7
52.14
52.14
51.68
51.68
52.35
52.35
51.90
51.90
52.46
52.46
52.23
52.23
51.98
51.98
51.55
51.55
51.99
51.99
52.66
52.66
51.69
51.69
52.21
52.21
52.5
52.5
52.73
52.73
52.22
52.22
52.63
52.63
51.80
51.80
52.2
52.2
52.60
52.60
52.27
52.27
52.37
52.63
52.63
52.43
52.43
52.37
52.23
52.44
52.44
52.43
52.43
52.46
52.46
51.85
51.85
52.27
52.27
52.63
52.63
51.89
51.89
52.34
52.34
52.8
52.8
51.87
51.87
52.42
52.42
51.91
51.91
52.48
52.48
52.22
52.22
51.80
51.80
52.56
52.56
53.16
53.16
52.50
52.50
51.66
51.66
52.35
52.35
52.60
52.60
52.21
52.21
52.14
52.14
52.21
52.21
51.43
51.43
52.22
52.19
52.14
52.53
52.94
52.68
52.36
52.26
52.26
52.76
52.76
52.53
52.53
52.9
52.9
51.71
51.71
52.80
52.80
51.93
51.93
51.91
51.91
52.74
52.74
52.28
52.28
52.12
52.12
51.87
51.87
52.56
52.56
53.24
53.24
51.46
51.46
51.70
51.70
52.34
52.34
52.19
52.19
52.55
52.55
51.94
51.94
52.32
52.32
53.7
53.7
52.16
52.16
52.42
52.42
52.41
52.41
52.18
52.18
52.1
52.66
53.7
52.78
53.6
52.70
52.33
52.20
52.20
52.44
52.44
52.29
52.29
53.29
53.29
52.26
52.26
51.80
51.80
51.93
51.93
52.77
52.77
52.71
52.71
52.24
52.24
52.39
52.39
52.32
52.32
52.91
52.91
52.58
52.58
52.35
52.35
52.23
52.23
52.40
52.40
52.73
52.73
52.46
52.46
53.17
53.17
52.19
52.19
52.77
52.77
53.2
53.2
52.83
52.83
52.47
52.47
52.70
52.9
52.18
52.15
52.24
52.44
52.44
52.13
52.13
51.84
51.84
52.33
52.33
52.52
52.52
52.54
52.54
51.92
51.92
52.39
52.39
51.96
51.96
52.27
52.27
52.78
52.78
52.5
52.5
52.27
52.27
52.37
52.37
52.3
52.3
52.76
52.76
52.23
52.23
52.7
52.7
51.88
51.88
51.93
51.93
52.37
52.37
53.42
53.42
52.1
52.1
51.41
51.41
51.77
51.77
52.39
52.39
52.47
52.47
51.54
51.47
51.61
51.37
52.23
52.60
52.60
51.66
51.66
53.0
53.0
52.79
52.79
53.44
53.44
52.19