-133.39
-133.51
-133.43
-133.43
-133.43
-133.43
-133.33
-133.33
-138.10
-138.10
-135.20
-135.20
-135.17
-135.17
-136.20
-136.20
-133.81
-133.81
-135.18
-135.18
-134.90
-134.90
-135.2
-135.2
-134.81
-134.81
-136.91
-136.91
-136.6
-136.6
-134.35
-134.35
-135.89
-135.67
-136.13
-133.33
-133.33
-136.79
-136.79
-134.76
-134.76
-134.78
-134.78
-135.54
-135.54
-135.66
-135.66
-134.50
-134.50
-133.40
-133.40
-135.71
-135.71
-136.46
-136.46
-133.90
-133.90
-134.74
-134.74
-136.57
-136.57
-131.82
-131.82
-135.4
-135.4
-134.0
-133.35
-133.22
-131.75
-131.1
-134.64
-134.64
-133.59
-133.59
-134.7
-134.7
-134.98
-134.98
-133.35
-133.35
-132.17
-132.17
-133.82
-133.82
-132.98
-132.98
-134.43
-134.43
-134.35
-134.35
-133.86
-133.86
-135.7
-135.7
-134.60
-134.60
-132.67
-132.67
-131.79
-131.79
-132.33
-130.55
-131.79
-134.68
-134.6
-132.16
-132.16
-134.56
-134.56
-130.60
-130.60
-134.59
-134.59
-132.24
-132.24
-131.35
-131.35
-131.46
-131.46
-132.32
-132.32
-131.2
-131.2
-133.89
-133.89
-133.2
-133.2
-132.19
-132.19
-132.31
-132.31
-133.55
-133.55
-131.88
-131.88
-134.4
-134.4
-131.40
-131.73
-133.52
-133.8
-133.21
-132.35
-132.35
-131.88
-131.88
-130.29
-130.29
-131.2
-131.2
-134.0
-134.0
-132.53
-132.53
-132.32
-132.32
-131.41
-131.41
-131.50
-131.50
-132.76
-132.76
-132.28
-132.28
-133.0
-133.0
-131.38
-131.38
-131.90
-131.90
-132.35
-132.35
-132.51
-132.51
-132.87
-132.33
-132.46
-132.16
-132.16
-130.86
-130.86
-131.18
-131.18
-135.39
-135.39
-129.99
-129.99
-129.30
-129.30
-131.54
-131.54
-133.52
-133.52
-131.26
-131.26
-132.80
-132.80
-128.94
-128.94
-133.21
-133.21
-133.92
-133.92
-134.12
-134.12
-132.44
-132.44
-130.96
-130.96
-131.35
-130.94
-131.19
-131.25
-131.25
-133.1
-133.1
-133.62
-133.62
-132.40
-132.40
-130.83
-130.83
-130.1
-130.1
-131.29
-131.29
-129.21
-129.21
-131.49
-131.49
-132.64
-132.64
-132.98
-132.98
-131.38
-131.38
-129.70
-129.70
-130.86
-130.86
-132.17
-132.17
-132.40
-132.40
-130.97
-131.82
-131.56
-130.60
-130.60
-133.87
-133.87
-131.69
-131.69
-131.82
-131.82
-130.68
-130.68
-130.63
-130.63
-134.8
-134.8
-134.5
-134.5
-133.56
-133.56
-131.34
-131.34
-131.23
-131.23
-130.55
-130.55
-133.87
-133.87
-133.71
-133.71
-135.35
-135.35
-133.99
-133.99
-131.34
-131.13
-132.40
-132.49
-132.49
-131.39
-131.39
-131.6
-131.6
-130.37
-130.37
-131.84
-131.84
-134.4
-134.4
-128.81
-128.81
-132.99
-132.99
-132.33
-132.33
-132.15
-132.15
-130.19
-130.19
-131.99
-131.99
-132.64
-132.64
-131.86
-131.86
-132.1
-132.1
-135.90
-135.90
-130.66
-131.19
-131.84
-132.71
-133.10
-132.60
-132.60
-132.22
-132.22
-133.21
-133.21
-130.53
-130.53
-131.51
-131.51
-131.37
-131.37
-133.90
-133.90
-131.35
-131.35
-131.7
-131.7
-131.86
-131.86
-131.96
-131.96
-131.49
-131.49
-132.79
-132.79
-132.31
-132.31
-131.86
-131.86
-130.99
-131.84
-131.97
-133.52
-133.90
-132.18
-132.18
-131.86
-131.86
-131.45
-131.45
-134.60
-134.60
-131.2
-131.2
-132.31
-132.31
-130.58
-130.58
-130.99
-130.99
-130.98
-130.98
-133.19
-133.19
-132.69
-132.69
-132.29
-132.29
-130.22
-130.22
-133.52
-133.52
-132.20
-132.20
-132.30
-132.30
-132.15
-132.37
-134.32
-134.12
-134.12
-133.21
-133.21
-130.98
-130.98
-133.15
-133.15
-132.3
-132.3
-132.35
-132.35
-133.51
-133.51
-130.73
-130.73
-131.14
-131.14
-131.73
-131.73
-133.66
-133.66
-132.28
-132.28
-131.44
-131.44
-130.99
-130.99
-131.11
-131.11
-132.86
-132.86
-135.12
-133.22
-132.22
-132.49
-132.49
-131.50
-131.50
-134.31
-134.31
-130.82
-130.82
-130.55
-130.55
-129.89
-129.89
-131.90
-131.90
-131.40
-131.40
-128.45
-128.45
-130.84
-130.84
-130.63
-130.63
-133.98
-133.98
-130.6
-130.6
-130.99
-130.99
-131.94
-131.94
-132.5
-132.5
-127.75
-129.14
-130.99
-133.1
-133.1
-130.66
-130.66
-132.35
-132.35
-131.54
-131.54
-133.50
-133.50
-130.27
-130.27
-133.35
-133.35
-131.96
-131.96
-132.37
-132.37
-131.42
-131.42
-133.40
-133.40
-132.38
-132.38
-130.12
-130.12
-133.92
-133.92
-131.41
-131.41
-131.99
-131.99
-132.46
-130.88
-132.60
-134.40
-132.80
-132.40
-132.40
-133.58
-133.58
-132.87
-132.87
-131.44
-131.44
-129.40
-129.40
-130.50
-130.50
-133.29
-133.29
-132.93
-132.93
-133.14
-133.14
-131.90
-131.90
-133.22
-133.22
-132.81
-132.81
-130.55
-130.55
-132.34
-132.34
-129.48
-129.48
-128.60
-129.1
-133.76
-131.86
-131.86
-134.9
-134.9
-130.29
-130.29
-130.86
-130.86
-133.13
-133.13
-132.83
-132.83
-130.34
-130.34
-131.20
-131.20
-132.48
-132.48
-134.34
-134.34
-131.88
-131.88
-133.19
-133.19
-132.11
-132.11
-132.15
-132.15
-133.6
-133.6
-133.75
-133.75
-133.62
-132.0
-132.13
-132.13
-131.25
-135.15
-135.15
-132.44
-132.44
-133.16
-133.16
-131.18
-131.18
-132.42
-132.42
-131.49
-131.49
-133.66
-133.66
-129.18
-129.18
-129.7
-129.7
-130.15
-130.15
-129.42
-129.42
-130.88
-130.88
-127.20
-127.20
-127.27
-127.27
-122.39
-122.39
-118.76
-112.94
-117.5
-117.74
-121.87
-122.99
-122.99
-121.81
-121.81
-120.95
-120.95
-120.56
-120.56
-119.96
-119.96
-118.2
-118.2
-116.11
-116.11
-114.58
-114.58
-110.52
-110.52
-106.21
-106.21
-102.43
-102.43
-99.89
-99.89
-97.68
-97.68
-96.10
-96.10
-93.84
-93.84
-91.0
-91.0
-87.52
-87.52
-85.60
-85.60
-82.93
-82.93
-81.1
-81.1
-78.89
-78.27
-76.18
-76.7
-74.88
-74.60
-74.60
-74.22
-73.5
-72.41
-71.61
-70.39
-70.39
-68.20
-68.20
-68.87
-68.87
-66.34
-66.34
-65.90
-65.90
-64.89
-64.89
-64.43
-64.43
-63.37
-63.37
-64.48
-64.48
-64.42
-64.42
-63.58
-63.58
-61.96
-61.96
-60.67
-60.67
-60.20
-60.20
-59.56
-59.56
-59.24
-59.24
-58.87
-58.87
-60.11
-60.11
-59.94
-59.94
-60.13
-60.13
-58.26
-58.26
-57.6
-57.6
-58.14
-58.14
-57.6
-57.6
-57.55
-57.55
-56.68
-56.68
-55.47
-55.47
-55.87
-56.6
-57.1
-56.1
-56.1
-56.5
-56.5
-55.22
-55.22
-54.62
-54.62
-54.98
-54.98
-54.28
-54.28
-53.97
-53.97
-55.86
-55.86
-55.22
-55.22
-55.17
-55.17
-54.54
-54.54
-54.6
-54.6
-53.15
-53.15
-55.12
-55.12
-53.98
-53.98
-54.73
-54.73
-54.58
-54.58
-52.43
-52.43
-52.24
-52.24
-53.13
-53.13
-55.54
-55.54
-51.76
-51.76
-52.13
-52.13
-51.85
-51.76
-52.60
-54.87
-53.48
-51.50
-51.50
-52.33
-52.33
-52.45
-52.45
-52.45
-52.45
-53.39
-53.39
-52.40
-52.40
-53.13
-53.13
-52.57
-52.57
-52.38
-52.38
-53.43
-53.43
-52.82
-52.82
-53.1
-53.1
-53.15
-53.15
-53.94
-53.94
-51.83
-51.83
-52.30
-52.30
-50.77
-50.77
-52.68
-52.68
-52.68
-52.68
-51.79
-51.79
-52.99
-52.99
-51.54
-51.54
-51.15
-51.15
-51.91
-51.91
-51.39
-50.56
-50.56
-50.74
-50.82
-50.65
-50.65
-51.0
-51.0
-51.41
-51.41
-52.41
-52.41
-50.97
-50.97
-50.91
-50.91
-51.9
-51.9
-51.73
-51.73
-50.22
-50.22
-50.34
-50.34
-48.70
-48.70
-50.65
-50.65
-50.42
-50.42
-50.99
-50.99
-49.70
-49.70
-49.75
-49.75
-48.86
-48.86
-50.92
-50.92
-51.34
-51.34
-49.78
-49.78
-48.85
-48.85
-50.44
-50.44
-49.67
-49.67
-51.78
-51.78
-51.39
-51.39
-49.38
-50.36
-51.7
-49.59
-50.16
-50.68
-50.68
-50.72
-50.72
-50.71
-50.71
-50.44
-50.44
-52.21
-52.21
-52.40
-52.40
-52.26
-52.26
-50.83
-50.83
-50.93
-50.93
-52.34
-52.34
-51.55
-51.55
-50.54
-50.54
-51.17
-51.17
-52.38
-52.38
-51.72
-51.72
-53.26
-53.26
-52.9
-52.9
-52.42
-52.42
-52.83
-52.83
-52.14
-52.14
-52.41
-52.41
-52.46
-52.46
-52.33
-52.33
-52.64
-52.64
-52.63
-52.9
-51.76
-52.47
-51.75
-50.66
-50.66
-52.56
-52.56
-52.32
-52.32
-52.97
-52.97
-51.97
-51.97
-51.15
-51.15
-50.69
-50.69
-50.53
-50.53
-51.77
-51.77
-51.68
-51.68
-51.68
-51.68
-51.89
-51.89
-52.23
-52.23
-52.59
-52.59
-51.69
-51.69
-51.23
-51.23
-52.11
-52.11
-51.21
-51.21
-52.17
-52.17
-51.29
-51.29
-50.97
-50.97
-52.11
-52.11
-51.13
-51.13
-53.32
-53.32
-53.0
-53.0
-52.24
-52.94
-52.5
-50.91
-49.71
-52.77
-52.77
-51.25
-51.25
-50.83
-50.83
-51.27
-51.27
-50.92
-50.92
-52.18
-52.18
-51.57
-51.57
-50.58
-50.58
-51.80
-51.80
-51.92
-51.92
-51.97
-51.97
-52.3
-52.3
-51.11
-51.11
-50.19
-50.19
-51.13
-51.13
-52.53
-52.53
-51.11
-51.11
-50.17
-50.17
-50.59
-50.59
-50.54
-50.54
-51.15
-51.15
-51.43
-51.43
-50.68
-50.68
-50.76
-50.76
-50.72
-51.83
-51.36
-50.43
-50.97
-51.85
-51.0
-48.2
-48.2
-49.68
-49.68
-49.46
-49.46
-50.11
-50.11
-51.15
-51.15
-50.96
-50.96
-50.88
-50.88
-49.66
-49.66
-49.82
-49.82
-50.87
-50.87
-49.4
-49.4
-50.44
-50.44
-51.8
-51.8
-49.38
-49.38
-49.21
-49.21
-48.24
-48.24
-49.36
-49.36
-49.12
-49.12
-49.86
-49.86
-49.38
-49.38
-49.7
-49.7
-48.67
-48.67
-48.11
-48.11
-48.88
-48.88
-49.53
-49.53
-48.53
-48.53
-48.33
-48.33
-47.69
-48.65
-49.75
-49.63
-49.56
-48.96
-49.79
-47.56
-47.56
-48.39
-48.39
-50.4
-50.4
-49.14
-49.14
-47.33
-47.33
-48.19
-48.19
-47.86
-47.86
-48.36
-48.36
-49.95
-49.95
-48.79
-48.79
-46.56
-46.56
-46.96
-46.96
-48.52
-48.52
-48.17
-48.17
-47.23
-47.23
-47.50
-47.50
-47.17
-47.17
-47.82
-47.82
-49.67
-49.67
-46.37
-46.37
-48.29
-48.29
-48.10
-48.10
-49.13
-49.13
-46.88
-46.88
-47.70
-47.70
-46.88
-46.88
-47.2
-47.2
-47.9
-47.9
-46.92
-46.74
-47.1
-48.1
-47.54
-46.77
-46.4
-47.18
-47.18
-46.50
-46.50
-48.5
-48.5
-46.36
-46.36
-46.99
-46.99
-46.69
-46.69
-47.83
-47.83
-45.99
-45.99
-45.79
-45.79
-44.65
-44.65
-44.97
-44.97
-46.93
-46.93
-45.95
-45.95
-44.63
-44.63
-46.19
-46.19
-45.80
-45.80
-45.33
-45.33
-46.33
-46.33
-45.68
-45.68
-45.98
-45.98
-47.77
-47.77
-46.16
-46.16
-46.59
-46.59
-46.97
-46.97
-46.12
-46.12
-46.27
-46.27
-45.54
-45.54
-46.31
-46.13
-46.0
-46.12
-46.25
-47.74
-47.74
-46.54
-46.54
-46.13
-46.13
-46.93
-46.93
-46.64
-46.64
-47.59
-47.59
-47.83
-47.83
-47.0
-47.0
-46.61
-46.61
-46.56
-46.56
-47.56
-47.56
-47.0
-47.0
-47.93
-47.93
-47.75
-47.75
-47.17
-47.17
-47.31
-47.31
-47.82
-47.82
-47.25
-47.25
-47.20
-47.20
-46.56
-46.56
-48.47
-48.47
-48.11
-48.11
-47.97
-47.97
-47.91
-47.91
-47.39
-47.39
-46.99
-46.99
-48.9
-48.9
-48.49
-48.49
-49.7
-49.7
-47.31
-47.49
-48.4
-48.78
-49.19
-48.86
-48.44
-48.65
-48.65
-47.85
-47.85
-48.4
-48.4
-48.99
-48.99
-48.31
-48.31
-47.36
-47.36
-47.67
-47.67
-47.15
-47.15
-44.53
-44.53
-42.20
-42.20
-40.49
-40.49
-40.21
-40.21
-38.0
-38.0
-33.53
-33.53
-28.85
-28.85
-26.15
-26.15
-34.96
-34.96
-41.67
-41.67
-49.34
-49.34
-51.84
-51.84
-53.31
-53.31
-56.78
-56.78
-60.76
-60.76
-63.41
-63.41
-65.37
-65.37
-65.95
-65.84
-65.65
-65.87
-67.48
-68.74
-68.74
-71.3
-71.3
-71.72
-71.72
-70.96
-70.96
-66.58
-66.58
-59.62
-59.62
-65.46
-65.46
-68.30
-68.30
-66.31
-66.31
-66.88
-66.88
-67.68
-67.68
-68.42
-68.42
-70.6
-70.6
-72.24
-72.24
-72.68
-72.68
-70.3
-70.3
-74.8
-74.8
-74.17
-74.17
-73.94
-73.94
-74.94
-74.94
-75.88
-75.88
-78.14
-78.14
-78.58
-78.58
-78.76
-78.76
-80.38
-80.38
-82.56
-82.56
-83.91
-83.91
-86.17
-86.17
-85.32
-85.32
-87.23
-87.23
-89.1
-89.1
-91.52
-91.52
-93.7
-93.7
-93.50
-93.50
-94.87
-94.87
-96.88
-96.88
-100.11
-100.11
-101.49
-101.17
-103.83
-103.64
-105.49
-106.36
-106.36
-108.21
-108.21
-109.90
-109.90
-110.91
-110.91
-112.35
-112.35
-113.75
-113.75
-115.47
-115.47
-115.71
-115.71
-116.16
-116.16
-117.53
-117.53
-117.71
-117.71
-119.24
-119.24
-120.36
-120.36
-121.1
-121.1
-121.53
-121.53
-123.95
-123.95
-125.1
-125.44
-124.95
-126.0
-126.0
-125.77
-125.77
-126.70
-126.70
-127.60
-127.60
-127.76
-127.76
-128.84
-128.84
-129.94
-129.94
-130.66
-130.66
-131.23
-131.23
-132.28
-132.28
-133.42
-133.42
-134.39
-134.39
-135.64
-135.64
-135.93
-135.93
-136.93
-136.93
-136.93
-138.3
-138.13
-138.61
-136.43
-136.50
-136.50
-137.69
-137.69
-138.2
-138.2
-138.27
-138.27
-137.97
-137.97
-137.30
-137.30
-137.58
-137.58
-137.10
-137.10
-135.79
-135.79
-135.11
-135.11
-135.60
-135.60
-136.69
-136.69
-135.38
-135.38
-135.62
-135.62
-138.86
-142.39
-139.35
-140.77
-140.43
-141.16
-141.16
-138.89
-138.89
-139.88
-139.88
-138.74
-138.74
-139.34
-139.34
-139.29
-139.29
-139.77
-139.77
-137.31
-137.31
-137.40
-137.40
-139.13
-139.13
-139.80
-139.80
-139.68
-139.68
-139.58
-139.58
-138.76
-138.76
-138.50
-138.50
-140.32
-139.54
-138.36
-137.22
-137.22
-136.26
-136.26
-137.40
-137.40
-138.81
-138.81
-137.3
-137.3
-137.12
-137.12
-136.56
-136.56
-137.31
-137.31
-138.15
-138.15
-138.11
-138.11
-135.99
-135.99
-138.1
-138.1
-136.37
-136.37
-138.26
-138.26
-137.50
-137.50
-138.95
-137.69
-138.42
-138.61
-138.79
-139.16
-139.16
-138.24
-138.24
-138.21
-138.21
-136.39
-136.39
-136.65
-136.65
-137.21
-137.21
-137.21
-137.21
-135.73
-135.73
-136.56
-136.56
-139.0
-139.0
-138.25
-138.25
-136.66
-136.66
-137.3
-137.3
-137.22
-137.22
-137.61
-137.61
-138.55
-137.87
-137.78
-137.42
-137.42
-137.22
-137.22
-135.65
-135.65
-137.86
-137.86
-137.40
-137.40
-136.35
-136.35
-136.10
-136.10
-135.73
-135.73
-137.22
-137.22
-136.84
-136.84
-136.93
-136.93
-135.68
-135.68
-137.69
-137.69
-136.94
-136.94
-139.20
-139.20
-138.25
-137.31
-135.60
-138.45
-138.45
-137.50
-137.50
-136.55
-136.55
-138.46
-138.46
-136.94
-136.94
-139.9
-139.9
-138.10
-138.10
-136.84
-136.84
-137.68
-137.68
-135.47
-135.47
-135.74
-135.74
-137.79
-137.79
-136.75
-136.75
-137.3
-137.3
-136.84
-136.84
-137.91
-136.8
-134.90
-136.14
-138.17
-139.53
-139.53
-138.26
-138.26
-137.13
-137.13
-138.83
-138.83
-138.50
-138.50
-137.52
-137.52
-137.3
-137.3
-137.90
-137.90
-137.59
-137.59
-137.98
-137.98
-137.22
-137.22
-137.71
-137.71
-137.12
-137.12
-137.31
-137.31
-137.60
-137.60
-137.90
-138.10
-138.66
-137.60
-136.93
-136.57
-136.57
-138.46
-138.46
-138.3
-138.3
-137.91
-137.91
-136.16
-136.16
-135.36
-135.36
-137.3
-137.3
-137.23
-137.23
-135.20
-135.20
-136.17
-136.17
-136.9
-136.9
-135.97
-135.97
-139.80
-139.80
-137.81
-137.81
-137.13
-137.13
-136.65
-137.3
-138.16
-137.80
-137.80
-136.73
-136.73
-139.19
-139.19
-136.26
-136.26
-136.8
-136.8
-136.84
-136.84
-137.72
-137.72
-138.0
-138.0
-138.46
-138.46
-138.58
-138.58
-137.13
-137.13
-135.29
-135.29
-138.37
-138.37
-137.79
-137.79
-137.71
-137.71
-138.34
-139.90
-137.93
-137.62
-138.87
-136.36
-136.36
-137.69
-137.69
-138.37
-138.37
-136.75
-136.75
-136.25
-136.25
-135.30
-135.30
-137.80
-137.80
-136.93
-136.93
-138.11
-138.11
-138.56
-138.56
-137.70
-137.70
-136.36
-136.36
-137.3
-137.3
-136.44
-136.44
-137.42
-137.42
-136.36
-137.52
-137.71
-137.99
-137.99
-137.61
-137.61
-137.92
-137.92
-137.22
-137.22
-138.27
-138.27
-137.31
-137.31
-139.8
-139.8
-135.13
-135.13
-136.66
-136.66
-137.31
-137.31
-137.70
-137.70
-138.67
-138.67
-138.26
-138.26
-135.47
-135.47
-136.93
-136.93
-136.35
-136.45
-137.22
-136.36
-136.36
-135.49
-135.49
-136.74
-136.74
-137.91
-137.91
-135.12
-135.12
-136.45
-136.45
-137.42
-137.42
-137.32
-137.32
-136.46
-136.46
-138.29
-138.29
-137.91
-137.91
-137.51
-137.51
-137.80
-137.80
-136.54
-136.54
-138.23
-138.23
-137.51
-136.37
-136.28
-137.41
-137.51
-138.55
-138.55
-139.82
-139.82
-139.28
-139.28
-137.22
-137.22
-134.92
-134.92
-137.22
-137.22
-137.50
-137.50
-137.3
-137.3
-136.26
-136.26
-135.39
-135.39
-136.25
-136.25
-137.61
-137.61
-136.74
-136.74
-137.42
-137.42
-136.85
-137.87
-137.31
-137.31
-138.42
-137.69
-137.69
-137.3
-137.3
-137.42
-137.42
-138.65
-138.65
-139.37
-139.37
-138.58
-138.58
-136.46
-136.46
-136.74
-136.74
-136.75
-136.75
-138.73
-138.73
-136.46
-136.46
-137.89
-137.89
-136.63
-136.63
-135.85
-135.85
-135.90
-135.90
-137.13
-136.64
-135.95
-137.60
-137.60
-136.54
-136.54
-136.48
-136.48
-136.34
-136.34
-136.18
-136.18
-135.41
-135.41
-137.80
-137.80
-136.9
-136.9
-136.37
-136.37
-136.20
-136.20
-134.89
-134.89
-133.21
-133.21
-135.48
-135.48
-137.59
-137.59
-136.74
-136.74
-136.45
-135.87
-136.94
-137.40
-137.40
-136.55
-136.55
-134.82
-134.82
-134.80
-134.80
-136.36
-136.36
-137.98
-137.98
-136.73
-136.73
-135.66
-135.66
-137.51
-137.51
-136.30
-136.30
-135.71
-135.71
-134.93
-134.93
-134.5
-134.5
-135.87
-135.87
-137.41
-137.41
-137.70
-137.70
-135.50
-136.54
-136.93
-136.93
-136.93
-136.94
-136.94
-137.3
-137.3
-137.99
-137.99
-136.84
-136.84
-137.42
-137.42
-137.42
-137.42
-135.58
-135.58
-136.64
-136.64
-137.22
-137.22
-136.36
-136.36
-134.79
-134.79
-136.94
-136.94
-137.41
-137.41
-138.69
-138.69
-136.45
-137.93
