-50.8
-36.95
-60.25
-39.9
-40.51
-59.24
-34.66
-50.57
-37.42
-31.83
-38.10
-39.86
-60.25
-53.74
-38.10
-60.25
-45.65
-50.31
-36.64
-39.9
-66.85
-34.66
-39.86
-59.24
-45.65
-40.51
-45.78
-45.11
-45.32
-57.64
-59.24
-32.29
-54.74
-44.86
-44.86
-41.53
-68.30
-51.31
-44.55
-45.78
-33.38
-60.25
-50.57
-54.74
-45.49
-50.31
-45.32
-45.65
-67.60
-34.66
-45.78
-50.8
-39.9
-39.9
-50.31
-45.65
-40.51
-45.65
-44.55
-34.30
-44.86
-44.55
-45.11
-44.86
-29.58
-45.32
-33.38
-56.99
-37.42
-39.9
-45.11
-61.44
-50.31
-44.86
-40.51
-40.51
-51.31
-44.86
-69.20
-62.39
-28.5
-50.8
-44.86
-53.34
-26.94
-39.86
-50.57
-32.29
-45.32
-59.24
-24.70
-50.31
-45.11
-50.31
-56.42
-45.32
-39.9
-44.55
-45.32
-34.66
-45.49
-44.86
-50.31
-34.66
-44.55
-54.74
-55.38
-55.38
-55.38
-38.10
-45.11
-27.85
-49.89
-26.50
-63.54
-54.74
-50.31
-34.66
-39.9
-33.38
-60.25
-45.49
-44.86
-58.38
-45.65
-45.32
-63.54
-50.57
-57.6
-44.86
-50.31
-40.51
-59.24
-40.51
-58.38
-43.0
-54.74
-35.73
-39.86
-45.49
-49.89
-50.57
-50.31
-44.86
-41.6
-50.57
-51.31
-45.49
-49.89
-45.32
-50.31
-49.89
-59.24
-66.43
-64.64
-45.11
-33.38
-53.74
-60.25
-50.8
-50.90
-45.49
-64.87
-61.44
-53.74
-45.11
-59.24
-44.86
-60.25
-50.57
-62.88
-20.8
-29.58
-69.20
-45.11
-38.10
-75.87
-38.14
-62.88
-36.95
-45.11
-45.32
-62.88
-40.51
-39.86
-39.86
-45.11
-41.6
-44.55
-33.38
-61.44
-50.8
-49.89
-63.54
-36.95
-57.6
-29.58
-50.8
-44.55
-40.51
-49.73
-27.85
-39.86
-27.85
-50.31
-58.38
-53.34
-41.94
-71.6
-56.14
-57.6
-50.31
-41.94
-41.53
-37.42
-50.90
-39.86
-57.6
-25.77
-38.14
-44.86
-59.24
-58.20
-60.25
-32.29
-54.20
-55.38
-31.4
-59.24
-50.8
-66.43
-49.89
-45.11
-61.44
-50.57
-54.74
-58.20
-64.87
-61.44
-50.57
-50.31
-50.31
-45.11
-45.89
-44.86
-45.49
-45.32
-39.9
-65.0
-50.31
-50.57
-62.88
-40.51
-31.4
-50.57
-61.44
-24.70
-66.43
-31.4
-50.8
-65.0
-39.86
-35.73
-31.83
-45.11
-55.38
-55.38
-36.64
-50.8
-41.53
-29.40
-54.20
-34.66
-51.31
-45.11
-45.32
-50.57
-38.10
-56.14
-59.24
-56.14
-26.50
-45.11
-54.20
-50.8
-50.57
-39.9
-55.38
-56.14
-50.90
-49.73
-55.38
-45.11
-45.11
-39.9
-45.32
-58.20
-45.32
-29.91
-51.84
-66.85
-35.73
-34.30
-36.64
-64.64
-45.32
-20.7
-50.31
-45.32
-59.24
-66.43
-43.66
-67.60
-54.20
-38.14
-54.20
-64.64
-45.65
-33.36
-45.32
-58.20
-59.24
-27.85
-50.8
-49.89
-55.38
-24.70
-34.66
-45.65
-45.49
-54.74
-49.89
-50.8
-66.43
-53.74
-30.64
-39.86
-44.86
-49.73
-58.20
-61.44
-45.11
-33.38
-41.53
-41.6
-44.86
-45.32
-44.86
-45.32
-55.38
-44.55
-44.86
-73.26
-39.9
-62.88
-45.32
-29.91
-44.86
-33.38
-50.31
-66.43
-54.74
-54.74
-50.8
-27.85
-56.14
-39.9
-50.31
-35.73
-58.38
-51.84
-45.11
-45.65
-50.90
-38.14
-35.73
-56.14
-39.86
-38.14
-45.32
-49.89
-49.89
-44.86
-35.73
-20.7
-61.44
-58.38
-35.73
-45.32
-27.85
-31.83
-59.24
-50.31
-60.25
-49.73
-45.32
-44.55
-44.86
-35.73
-45.11
-41.6
-27.85
-45.11
-53.34
-39.86
-50.90
-57.6
-44.55
-50.31
-49.89
-45.11
-38.14
-49.89
-39.86
-44.86
-45.11
-45.11
-56.14
-55.38
-50.31
-56.14
-32.29
-64.87
-68.30
-61.44
-45.49
-45.32
-66.85
-54.20
-41.94
-37.42
-51.31
-50.90
-31.83
-45.32
-27.85
-50.57
-45.49
-36.64
-45.11
-45.32
-45.65
-40.51
-56.14
-45.32
-56.14
-55.38
-50.8
-71.6
-63.54
-61.44
-45.49
-69.20
-58.20
-38.14
-61.44
-45.11
-45.49
-31.83
-45.49
-54.74
-66.85
-55.38
-44.86
-54.20
-50.90
-29.58
-39.9
-54.74
-64.87
-34.66
-59.24
-35.73
-33.36
-45.32
-49.89
-49.89
-45.11
-25.55
-17.64
-26.94
-29.58
-36.64
-41.53
-39.86
-35.12
-32.29
-33.35
-28.17
-45.65
-34.9
-29.40
-35.85
-35.12
-31.4
-26.94
-32.53
-25.55
-21.85
-16.38
-11.83
-11.69
-18.4
-26.10
-20.7
-15.60
-26.10
-29.27
-11.83
-13.81
-11.83
-4.14
-6.62
-1.29
-9.65
-1.41
1.13
1.22
-7.14
-1.10
-21.63
-10.49
-3.27
1.13
1.75
6.98
-6.10
3.22
-6.62
-1.10
-6.10
8.60
-1.41
6.43
10.59
10.59
-1.10
8.60
3.46
19.25
19.50
27.17
20.89
23.97
15.1
19.43
19.25
16.28
12.43
19.35
25.74
7.99
20.89
27.17
16.28
15.10
13.60
10.59
28.29
14.9
25.23
14.9
27.41
10.88
17.64
11.60
6.57
22.28
29.29
17.93
20.73
31.2
24.69
17.93
19.50
14.45
30.20
28.29
24.25
19.35
32.28
12.42
21.0
31.42
15.62
33.75
19.35
22.5
31.77
30.47
17.93
26.37
23.97
20.80
7.99
18.16
22.28
25.23
22.5
25.93
35.95
30.0
27.17
29.29
24.69
28.35
22.57
23.54
23.97
25.20
34.38
33.5
17.93
24.69
18.16
28.29
15.10
28.29
24.69
28.29
31.42
22.28
15.10
28.35
25.23
11.71
29.29
33.5
22.5
30.47
33.5
23.97
19.43
33.5
26.37
22.5
24.69
17.93
22.5
16.70
28.29
26.37
22.28
31.42
24.69
20.80
16.28
25.23
31.2
19.35
29.21
26.70
18.34
19.50
20.89
18.16
22.5
29.29
30.20
20.89
24.69
27.41
31.42
22.5
27.17
15.62
29.29
16.28
31.2
32.28
18.16
24.69
25.23
19.43
19.50
17.31
30.20
26.37
24.69
20.80
32.28
21.86
35.32
22.28
12.41
35.32
28.29
27.41
19.43
18.16
23.97
35.32
19.35
30.20
22.5
31.2
19.50
33.75
30.20
26.37
24.69
22.28
24.69
25.23
17.4
26.70
25.22
22.5
19.50
22.28
19.50
17.93
20.89
16.70
17.4
24.69
37.88
33.5
32.28
20.73
19.35
30.20
16.70
32.28
23.97
33.75
24.69
32.28
15.62
25.74
22.5
23.97
18.16
17.4
19.50
14.45
9.86
26.37
25.23
29.29
24.69
20.80
30.20
16.28
26.37
31.42
30.20
22.57
26.37
15.10
23.19
29.21
16.70
28.40
26.37
22.28
23.97
19.50
26.37
30.20
29.29
21.86
39.30
33.75
22.5
19.50
23.54
19.43
23.19
21.86
27.41
26.70
28.35
20.80
27.41
19.43
23.54
28.29
20.89
34.63
20.89
24.69
23.54
31.2
30.0
20.89
27.17
22.28
22.5
22.28
19.50
32.28
33.5
24.53
22.5
29.21
14.9
33.85
27.41
30.20
23.54
17.93
27.41
23.19
22.28
24.25
32.28
20.80
16.28
27.58
32.28
30.47
23.54
11.60
33.75
28.29
20.80
28.35
29.29
17.93
26.70
22.28
25.23
19.35
26.70
15.10
14.45
18.16
22.28
29.21
28.35
26.37
25.74
25.23
15.62
28.35
16.28
25.23
27.58
26.37
16.70
27.41
13.36
22.5
34.63
31.2
29.29
31.77
27.41
21.0
34.38
24.69
34.38
23.19
17.31
20.80
19.43
20.67
23.19
24.69
20.73
11.44
30.0
12.42
20.89
23.97
15.10
31.77
33.5
27.17
28.35
10.59
33.5
15.10
24.69
26.70
32.28
22.28
25.74
20.73
25.74
13.19
25.74
21.86
26.37
23.19
22.28
26.37
25.23
28.35
16.70
26.37
35.95
37.2
15.10
27.41
23.19
37.88
25.23
33.75
39.69
28.29
28.35
44.26
16.70
23.54
20.80
18.16
30.47
29.29
20.80
23.54
14.9
28.35
29.29
25.23
24.25
19.43
22.5
32.28
29.29
22.5
22.28
27.41
31.42
22.28
22.5
30.20
22.5
18.16
20.80
17.93
25.74
35.95
26.70
22.28
29.29
20.80
22.57
25.74
27.41
33.85
17.4
19.50
31.2
23.54
15.62
33.5
14.67
12.42
21.86
16.70
19.50
27.41
25.74
31.2
18.16
30.20
16.70
23.54
23.19
34.38
19.43
19.43
20.80
22.5
20.80
24.25
29.40
21.86
24.69
28.35
20.89
22.28
29.21
26.37
31.2
27.17
31.42
24.25
23.97
22.5
18.16
32.28
17.4
26.37
24.53
17.64
32.28
29.29
25.23
25.23
25.74
28.29
17.4
22.5
24.25
23.54
23.97
15.10
23.54
26.37
19.50
19.43
17.93
25.74
28.29
12.42
21.86
27.41
22.28
22.28
26.37
20.89
20.80
16.70
16.4
17.4
23.97
23.54
29.29
16.28
33.85
22.91
39.30
21.0
16.28
20.80
25.23
26.70
20.80
21.0
22.5
26.37
26.37
22.5
19.43
34.38
23.97
22.28
23.54
29.29
25.23
24.69
28.29
17.64
14.67
25.74
30.47
24.25
23.97
16.28
22.28
27.17
26.37
28.29
26.37
26.37
22.95
23.54
22.57
23.54
23.88
23.54
25.23
20.89
12.42
34.38
22.5
27.41
20.80
15.10
20.80
20.80
25.74
22.28
24.69
27.41
36.51
20.73
12.41
17.93
22.5
26.70
23.54
23.54
27.41
37.2
9.23
25.93
19.35
28.29
29.29
19.55
30.47
19.25
20.80
17.93
18.16
25.74
23.97
23.54
24.69
22.5
17.64
19.35
23.54
14.9
22.5
22.57
28.29
30.20
26.70
25.93
27.41
16.70
25.23
23.54
30.47
23.19
22.5
20.73
30.20
26.70
19.43
22.91
20.89
22.5
17.93
20.80
24.69
25.23
28.35
27.41
22.57
20.73
23.97
35.50
31.2
19.50
22.5
20.67
15.10
6.98
27.17
14.67
11.44
1.44
14.9
14.9
1.13
0.96
5.95
7.0
0.96
13.36
7.0
3.46
7.0
11.44
1.58
1.44
8.50
-5.3
1.22
-6.62
-4.14
-9.65
-7.64
-11.69
-16.38
-6.62
1.58
-16.38
-17.64
-15.73
-29.58
-10.57
-23.23
-9.99
-27.85
-34.66
-17.64
-2.65
-34.66
-1.96
-34.66
-31.83
-38.14
-27.85
-15.73
-24.70
-16.8
-20.7
-42.7
-15.73
-44.55
-33.43
-51.31
-38.14
-51.84
-50.57
-38.14
-33.38
-3.21
-27.85
-20.7
-51.31
-38.14
-40.51
-36.95
-50.57
-50.57
-44.86
-31.83
-51.31
-44.86
-36.95
-45.11
-44.55
-44.16
-38.14
-66.85
-64.87
-50.57
-44.86
-42.7
-36.95
-36.95
-54.74
-45.11
-38.14
-50.90
-36.95
-38.14
-45.11
-43.66
-44.55
-50.90
-49.89
-64.87
-44.16
-51.84
-35.44
-54.20
-44.86
-37.42
-29.91
-57.6
-54.74
-32.29
-58.20
-44.55
-39.9
-61.55
-64.87
-33.43
-36.95
-37.42
-50.57
-44.55
-36.95
-44.16
-40.51
-59.65
-50.90
-52.54
-66.43
-58.20
-55.38
-31.83
-57.6
-44.16
-66.43
-62.88
-38.14
-54.74
-73.20
-59.24
-42.7
-54.20
-36.95
-40.51
-54.74
-50.90
-61.44
-45.11
-45.11
-41.6
-39.9
-38.14
-45.11
-45.49
-33.38
-36.95
-54.20
-40.51
-49.89
-57.6
-58.38
-50.8
-36.64
-38.14
-58.38
-45.65
-50.31
-45.49
-61.40
-49.73
-49.47
-45.49
-45.11
-57.6
-50.31
-50.8
-50.31
-38.10
-56.99
-50.57
-45.11
-40.51
-54.74
-49.89
-44.55
-33.38
-49.89
-35.73
-50.8
-41.53
-61.44
-45.32
-49.73
-59.24
-54.74
-55.38
-36.64
-59.24
-33.38
-50.57
-39.86
-69.20
-29.58
-50.57
-44.86
-50.57
-45.65
-40.51
-66.43
-45.49
-53.74
-41.53
-50.8
-64.64
-56.14
-64.87
-53.74
-56.14
-36.64
-55.38
-36.64
-45.11
-39.86
-55.38
-41.53
-65.0
-45.49
-50.8
-38.10
-39.86
-45.32
-45.32
-69.82
-53.74
-44.86
-62.88
-60.25
-53.74
-64.87
-50.31
-44.86
-38.10
-49.89
-49.89
-50.31
-45.11
-50.8
-50.8
-49.59
-53.74
-54.20
-54.20
-59.24
-39.9
-57.6
-50.8
-50.57
-55.38
-49.59
-66.21
-69.20
-49.89
-59.24
-59.65
-31.4
-60.25
-54.20
-50.31
-44.55
-57.64
-49.89
-49.89
-40.51
-63.54
-44.55
-50.8
-50.31
-55.38
-44.55
-49.73
-45.49
-50.57
-54.20
-56.14
-55.38
-49.89
-36.64
-44.86
-56.14
-66.43
-57.6
-41.53
-54.74
-50.8
-50.8
-50.31
-50.57
-45.11
-39.86
-54.74
-54.74
-67.60
-61.44
-45.78
-63.54
-45.11
-85.43
-45.78
-66.43
-50.8
-50.31
-54.74
-45.32
-36.64
-59.24
-57.6
-64.64
-50.31
-49.47
-50.57
-39.9
-49.89
-50.31
-41.53
-45.49
-45.65
-34.66
-40.51
-39.86
-34.66
-39.9
-41.53
-50.8
-62.88
-39.9
-54.74
-49.89
-44.16
-45.32
-45.89
-57.6
-49.73
-50.8
-44.86
-56.14
-35.73
-61.44
-55.38
-60.25
-45.49
-35.73
-50.8
-60.25
-39.86
-50.8
-61.44
-60.25
-66.43
-56.42
-50.31
-45.49
-50.57
-55.38
-33.38
-50.31
-58.20
-44.86
-58.38
-61.44
-51.31
-51.31
-44.86
-24.70
-55.38
-51.84
-36.64
-50.90
-55.38
-50.31
-33.36
-50.90
-44.55
-56.14
-64.87
-49.73
-49.59
-50.57
-38.69
-55.38
-58.38
-35.73
-50.31
-49.89
-31.4
-45.65
-54.74
-50.8
-56.14
-40.51
-36.64
-40.51
-54.20
-31.83
-50.57
-41.53
-54.20
-49.89
-39.86
-54.20
-38.14
-58.38
-58.38
-36.64
-62.98
-31.83
-62.88
-50.8
-61.44
-58.38
-62.88
-34.66
-45.11
-40.51
-64.87
-53.74
-39.9
-44.55
-49.73
-77.75
-50.8
-58.38
-44.16
-44.55
-57.6
-61.44
-50.57
-44.86
-60.25
-57.6
-50.31
-50.31
-58.38
-62.88
-29.58
-54.74
-62.39
-41.53
-36.64
-59.76
-73.26
-44.86
-55.38
-61.55
-54.74
-50.90
-54.74
-44.86
-50.31
-55.38
-41.6
-49.89
-59.24
-66.21
-45.11
-35.73
-41.94
-39.86
-50.31
-66.43
-39.86
-31.83
-36.95
-40.51
-44.86
-41.53
-44.86
-49.47
-54.74
-73.31
-38.14
-59.24
-55.38
-39.9
-34.66
-62.39
-63.54
-55.38
-27.48
-31.83
-57.6
-43.66
-50.8
-60.25
-49.47
-38.14
-44.16
-71.6
-45.32
-35.73
-39.9
-60.25
-57.6
-58.20
-50.57
-51.84
-63.54
-39.86
-43.0
-39.9
-57.6
-39.9
-55.38
-45.11
-54.20
-57.6
-70.55
-29.91
-45.11
-49.89
-50.57
-55.38
-59.24
-32.29
-58.20
-44.86
-51.31
-44.86
-54.74
-61.44
-50.57
-45.11
-50.57
-49.89
-56.14
-50.8
-45.11
-34.66
-70.55
-56.14
-50.8
-67.60
-41.6
-38.14
-44.55
-54.74
-56.14
-56.14
-39.86
-51.84
-45.32
-29.91
-61.44
-68.30
-44.86
-56.14
-61.44
-45.49
-39.86
-62.88
-41.6
-56.14
-61.44
-65.0
-57.6
-39.9
-57.6
-29.91
-66.43
-44.55
-50.8
-34.66
-62.88
-50.57
-53.74
-60.25
-50.31
-44.86
-38.14
-50.57
-59.24
-67.60
-66.85
-59.65
-36.95
-39.9
-57.6
-57.6
-73.31
-58.38
-54.20
-64.64
-39.9
-62.39
-45.32
-59.24
-44.16
-51.31
-44.55
-44.86
-66.43
-59.24
-50.31
-61.55
-44.55
-31.83
-59.65
-56.14
-66.85
-39.9
-55.38
-63.54
-66.85
-55.38
-71.6
-44.55
-59.65
-54.74
-50.57
-51.31
-29.91
-64.87
-73.41
-57.6
-60.25
-60.25
-44.55
-23.23
-51.84
-50.8
-49.89
-56.14
-56.14
-54.74
-40.51
-43.66
-39.9
-50.57
-64.64
-52.54
-50.31
-33.38
-50.57
-64.87
-66.21
-39.9
-57.6
-44.55
-56.14
-73.22
-65.0
-57.6
-55.38
-54.74
-54.74
-50.90
-50.8
-62.88
-54.74
-45.65
-33.38
-41.6
-58.20
-69.67
-61.44
-40.51
-50.31
-54.74
-50.57
-66.85
-64.87
-64.87
-50.90
-61.44
-61.44
-49.59
-40.51
-50.31
-56.14
-44.16
-44.86
-43.66
-44.55
-64.64
-61.44
-57.6
-59.24
-44.86
-51.31
-58.20
-57.6
-50.57
-64.87
-66.43
-44.16
-49.89
-61.44
-55.38
-50.90
-56.99
-76.77
-45.11
-49.73
-31.4
-58.20
-50.31
-45.11
-50.57
-31.83
-44.55
-55.38
-61.44
-51.31
-44.86
-57.6
-50.90
-40.51
-73.22
-50.57
-67.60
-57.6
-39.86
-40.51
-45.32
-44.16
-66.85
-73.26
-50.90
-44.16
-56.14
-45.32
-45.11
-71.6
-51.84
-61.44
-50.90
-58.20
-61.44
-57.6
-40.51
-50.90
-51.84
-50.90
-50.90
-45.49
-61.44
-33.43
-50.90
-45.11
-45.32
-50.8
-59.24
-44.55
-70.55
-61.44
-59.24
-39.86
-73.31
-44.16
-75.87
-37.42
-57.6
-36.95
-44.16
-55.38
-73.26
-33.43
-43.66
-76.77
-53.52
-59.24
-55.38
-34.66
-49.73
-44.55
-56.14
-27.48
-51.84
-51.84
-50.57
-44.16
-66.43
-64.64
-49.89
-69.20
-56.14
-51.84
-45.11
-50.90
-85.43
-60.25
-58.38
-50.57
-56.14
-44.86
-66.43
-56.14
-50.31
-36.95
-50.57
-51.31
-69.67
-50.57
-33.38
-44.86
-38.14
-44.16
-64.64
-36.95
-51.84
-50.57
-70.55
-44.55
-39.86
-60.25
-20.8
-31.83
-33.38
-55.38
-59.65
-36.95
-64.14
-55.38
-50.8
-64.87
-66.85
-64.64
-56.14
-61.55
-44.55
-71.6
-25.77
-55.38
-61.44
-51.84
-43.66
-56.14
-44.16
-55.38
-50.31
-70.55
-23.23
-52.54
-73.22
-50.8
-68.30
-56.14
-70.55
-58.38
-45.11
-66.43
-64.14
-61.55
-62.88
-70.55
-50.8
-64.64
-51.31
-58.20
-45.11
-55.38
-55.38
-57.6
-61.44
-36.95
-43.66
-51.31
-62.88
-44.55
-61.44
-62.88
-45.32
-54.20
-59.24
-66.43
-44.55
-68.30
-50.31
-56.14
-50.31
-57.6
-68.30
-64.64
-57.64
-50.8
-77.75
-45.32
-35.73
-25.77
-41.6
-66.43
-45.11
-60.25
-51.31
-61.44
-56.14
-64.87
-17.64
-34.66
-75.87
-62.88
-66.85
-57.6
-50.90
-50.57
-58.20
-61.55
-44.86
-62.88
-55.38
-64.14
-56.14
-45.11
-50.57
-36.95
-69.67
-52.54
-56.14
-39.86
-54.20
-56.14
-66.43
-50.31
-50.90
-53.34
-56.14
-57.6
-73.26
-55.38
-54.74
-50.31
-66.43
-64.87
-64.64
-57.6
-68.30
-68.30
-64.87
-55.38
-51.84
-54.74
-70.55
-62.88
-60.25
-58.20
-70.55
-58.20
-87.55
-43.66
-51.31
-54.20
-31.83
-50.57
-50.90
-50.31
-60.25
-64.64
-71.6
-62.88
-59.65
-29.91
-50.90
-76.77
-80.61
-59.24
-44.55
-81.17
-59.65
-68.30
-56.14
-50.90
-26.50
-84.80
-50.57
-80.61
-45.65
-68.30
-73.26
-57.6
-64.87
-61.55
-66.85
-35.73
-44.16
-22.59
-50.90
-40.51
-53.34
-50.57
-50.57
-57.6
-66.85
-58.38
-29.91
-64.87
-62.39
-50.31
-29.58
-25.77
-38.14
-58.20
-66.85
-64.87
-44.86
-36.64
-36.95
-44.55
-44.55
-66.43
-51.31
-43.66
-59.65
-27.48
-73.63
-81.17
-51.31
-3.21
-35.44
-24.33
-36.95
-51.84
-36.95
-33.43
-58.20
-76.77
-73.31