-69.80
-71.59
-81.17
-62.8
-59.87
-65.2
-57.95
-83.8
-61.74
-59.1
-63.44
-52.49
-55.28
-67.65
-66.87
-48.98
-49.70
-66.87
-62.8
-59.1
-59.1
-57.95
-62.8
-68.20
-71.62
-53.68
-64.63
-48.45
-61.74
-79.79
-66.4
-67.65
-77.21
-66.4
-73.70
-73.70
-75.34
-79.2
-44.94
-73.35
-65.2
-71.67
-80.15
-64.63
-74.21
-76.10
-77.59
-61.74
-69.80
-65.2
-77.59
-63.52
-63.52
-49.70
-58.95
-65.2
-52.49
-69.51
-53.68
-64.63
-65.2
-56.32
-73.70
-63.44
-69.51
-52.49
-55.28
-63.44
-65.2
-63.44
-50.69
-57.95
-69.51
-54.42
-71.62
-66.4
-63.52
-63.44
-57.58
-64.63
-77.21
-76.68
-78.87
-61.31
-63.52
-57.58
-69.51
-67.65
-60.26
-69.8
-69.80
-61.74
-63.44
-56.32
-50.15
-59.1
-76.68
-57.95
-71.67
-71.67
-57.95
-52.49
-59.1
-52.49
-78.80
-73.70
-54.42
-59.1
-49.70
-71.62
-57.95
-62.8
-59.1
-65.2
-69.8
-87.19
-75.34
-66.4
-71.62
-63.44
-51.35
-65.2
-73.35
-76.10
-71.62
-76.10
-52.49
-73.70
-63.44
-54.42
-53.4
-62.8
-80.15
-82.11
-44.92
-81.17
-49.31
-53.4
-87.19
-66.4
-57.58
-65.2
-64.63
-76.10
-63.44
-65.2
-77.80
-69.51
-65.2
-73.70
-65.69
-69.51
-64.63
-64.63
-82.69
-53.68
-66.87
-49.31
-57.95
-63.44
-75.34
-49.70
-57.95
-69.51
-63.44
-49.31
-64.63
-61.74
-60.90
-59.1
-69.80
-61.74
-60.26
-67.65
-68.20
-61.31
-77.21
-69.51
-67.65
-65.2
-90.22
-65.2
-71.59
-71.62
-83.8
-62.8
-68.20
-71.67
-83.8
-76.10
-81.17
-73.35
-62.8
-83.8
-69.80
-63.39
-71.62
-57.95
-63.44
-74.99
-67.65
-60.26
-59.1
-69.8
-60.26
-59.13
-63.44
-56.32
-55.28
-59.13
-57.3
-81.17
-69.80
-54.42
-62.8
-52.1
-56.32
-69.8
-64.63
-63.44
-56.22
-73.70
-80.63
-54.42
-69.80
-55.28
-60.26
-57.3
-44.86
-54.42
-67.65
-73.35
-74.21
-76.10
-52.1
-68.20
-59.1
-56.32
-55.28
-63.52
-54.42
-65.2
-81.17
-39.23
-64.63
-73.70
-54.42
-65.2
-53.68
-71.59
-71.62
-68.20
-73.70
-73.35
-71.67
-55.52
-78.80
-59.1
-57.95
-75.34
-63.44
-69.51
-66.87
-76.10
-50.69
-55.28
-71.62
-78.87
-62.8
-76.10
-53.4
-63.52
-71.62
-71.59
-65.2
-55.28
-57.95
-66.4
-66.4
-48.70
-78.87
-66.4
-64.63
-62.8
-81.17
-62.8
-73.35
-76.10
-56.32
-59.1
-55.28
-61.74
-50.15
-69.8
-78.87
-69.51
-71.74
-82.11
-76.68
-50.15
-65.2
-49.70
-59.1
-70.1
-82.11
-77.21
-63.52
-67.65
-59.1
-82.0
-63.44
-83.8
-62.8
-59.1
-66.87
-50.69
-57.95
-48.70
-68.20
-56.22
-69.80
-71.62
-52.49
-73.35
-84.45
-55.28
-54.42
-63.44
-63.44
-50.69
-60.90
-69.51
-55.28
-67.65
-60.90
-75.34
-66.87
-57.3
-48.98
-60.26
-65.2
-74.79
-76.10
-67.65
-69.80
-67.65
-69.80
-80.15
-76.68
-56.22
-44.90
-44.96
-57.3
-54.42
-71.62
-61.74
-80.15
-78.80
-63.44
-67.65
-63.44
-54.42
-74.99
-52.1
-63.44
-69.8
-57.95
-44.89
-74.99
-76.10
-69.51
-60.26
-71.62
-75.34
-66.4
-57.95
-57.95
-53.68
-80.15
-49.31
-77.59
-53.68
-60.90
-59.1
-64.63
-49.31
-71.67
-64.63
-63.44
-69.8
-80.81
-66.87
-44.92
-86.86
-69.51
-66.87
-38.63
-74.21
-55.28
-52.49
-74.21
-70.1
-90.32
-81.17
-54.42
-55.28
-60.90
-56.32
-65.69
-63.52
-81.17
-76.10
-62.8
-64.63
-65.69
-77.59
-71.59
-62.8
-63.44
-67.65
-51.35
-73.35
-65.2
-64.63
-79.79
-61.74
-62.8
-61.10
-69.51
-77.59
-86.45
-80.81
-75.34
-57.95
-73.70
-53.68
-52.1
-56.22
-76.10
-69.51
-63.44
-69.80
-87.19
-56.32
-71.67
-69.80
-86.45
-50.15
-60.26
-76.68
-65.2
-63.44
-53.4
-75.34
-63.44
-84.45
-69.51
-39.73
-62.8
-78.87
-81.17
-44.89
-71.62
-63.44
-60.26
-80.81
-56.22
-69.51
-61.74
-85.16
-57.95
-49.70
-74.21
-66.78
-68.20
-71.67
-63.44
-73.70
-59.87
-71.67
-63.44
-69.80
-71.67
-65.2
-67.65
-76.10
-62.8
-71.67
-62.8
-65.69
-64.63
-69.8
-55.28
-73.9
-69.80
-65.2
-71.62
-65.2
-64.63
-65.2
-69.80
-62.8
-49.31
-62.8
-50.69
-64.63
-76.68
-64.63
-59.1
-59.1
-71.67
-73.70
-69.80
-61.74
-54.42
-66.87
-69.8
-57.95
-86.45
-60.26
-69.8
-56.32
-68.20
-73.70
-63.44
-76.10
-63.44
-65.2
-63.44
-63.44
-76.10
-66.4
-53.68
-63.44
-65.2
-69.51
-63.52
-69.51
-86.45
-56.32
-66.87
-73.70
-71.62
-60.26
-63.44
-59.87
-68.20
-78.80
-69.51
-63.44
-57.3
-64.63
-71.62
-87.46
-68.20
-69.80
-61.74
-61.74
-56.32
-69.80
-60.26
-66.87
-77.21
-63.52
-59.87
-74.21
-85.90
-67.65
-57.95
-53.68
-87.19
-62.8
-71.67
-76.10
-69.80
-73.70
-53.4
-73.70
-67.65
-57.95
-71.62
-69.8
-56.32
-59.1
-49.31
-66.87
-71.59
-65.2
-75.34
-60.26
-44.87
-71.62
-86.45
-70.1
-74.99
-56.22
-65.2
-67.65
-56.22
-90.28
-60.26
-75.34
-77.59
-78.87
-57.95
-61.74
-66.87
-73.35
-86.45
-71.86
-66.87
-86.86
-54.42
-62.8
-76.10
-50.15
-65.2
-78.87
-64.63
-62.8
-63.39
-69.51
-59.87
-50.15
-83.84
-73.35
-61.74
-57.95
-62.8
-69.80
-69.80
-71.86
-66.87
-59.1
-50.69
-60.26
-64.63
-66.87
-62.8
-63.52
-73.70
-60.26
-64.63
-31.89
-69.80
-66.87
-66.87
-76.68
-67.65
-74.21
-71.59
-59.1
-74.21
-60.26
-73.70
-60.26
-69.51
-53.68
-57.3
-69.51
-50.15
-55.28
-71.62
-78.80
-49.70
-49.70
-57.3
-69.51
-80.15
-63.44
-63.44
-67.65
-59.1
-57.3
-64.63
-66.78
-54.42
-63.44
-67.65
-49.31
-66.4
-77.21
-62.8
-55.28
-63.44
-57.95
-59.1
-39.23
-63.44
-63.44
-39.23
-73.35
-78.80
-66.4
-83.8
-67.65
-69.80
-57.95
-63.44
-66.4
-55.28
-69.51
-69.80
-78.80
-59.1
-50.69
-60.26
-56.32
-58.95
-62.8
-57.3
-63.44
-66.87
-49.70
-60.90
-78.87
-86.45
-57.95
-69.51
-83.8
-60.26
-57.95
-82.11
-69.51
-66.78
-74.99
-53.4
-49.70
-56.22
-55.28
-82.11
-56.32
-50.15
-66.78
-59.1
-61.74
-54.42
-66.4
-77.59
-49.70
-84.45
-73.35
-56.32
-63.44
-66.87
-66.4
-69.80
-62.8
-67.65
-65.2
-63.52
-36.14
-60.26
-71.62
-63.44
-79.79
-60.26
-69.51
-59.1
-76.10
-56.22
-62.8
-59.1
-53.4
-60.26
-44.92
-57.95
-57.95
-54.42
-60.26
-63.44
-90.32
-67.65
-59.1
-65.2
-71.67
-66.87
-63.44
-74.21
-69.51
-80.81
-67.65
-69.51
-56.32
-56.32
-69.51
-62.8
-66.87
-59.13
-44.90
-69.8
-52.49
-73.70
-40.14
-68.92
-82.11
-69.80
-65.2
-65.2
-49.70
-63.44
-84.95
-61.74
-59.87
-68.20
-69.51
-67.65
-52.49
-83.8
-59.1
-60.90
-62.8
-54.42
-59.1
-61.74
-49.31
-67.65
-56.32
-69.51
-59.13
-51.35
-69.80
-80.81
-52.49
-52.1
-60.90
-62.8
-86.86
-73.70
-65.2
-59.1
-78.87
-54.42
-61.74
-57.58
-76.10
-49.31
-66.87
-75.34
-56.22
-60.26
-66.4
-69.51
-83.84
-62.8
-56.32
-59.1
-71.74
-44.99
-62.8
-69.51
-70.1
-49.31
-49.31
-61.74
-56.32
-57.95
-63.44
-76.10
-66.4
-66.87
-60.26
-57.58
-60.26
-69.80
-69.51
-83.8
-50.15
-66.87
-71.62
-63.52
-71.62
-73.35
-52.49
-61.74
-69.51
-57.42
-55.28
-56.32
-52.49
-37.27
-61.74
-59.1
-56.22
-47.70
-41.5
-44.89
-55.28
-53.68
-28.23
-30.86
-30.82
-37.73
-36.14
-34.24
-44.92
-26.47
-35.38
-22.29
-20.14
-27.79
-19.69
-25.23
-23.86
-26.44
-20.14
-5.18
-4.75
-23.8
-30.86
-16.84
-25.23
-25.23
-14.68
-20.14
-17.0
-21.70
-10.43
-19.88
-25.43
2.8
-15.18
-8.70
-6.81
2.44
-11.25
-2.73
1.94
-17.0
-5.18
-2.12
-21.26
-3.2
-10.43
-6.31
0.2
2.44
-14.68
4.34
2.25
-8.9
6.27
2.25
-6.81
-12.20
-6.81
0.2
-9.98
-8.70
-2.29
-4.75
-18.34
-13.96
-11.25
-16.84
-10.43
0.2
10.21
-10.43
-2.29
-4.38
2.25
4.34
0.2
2.8
-14.45
0.2
-2.29
-2.49
-6.31
5.84
0.2
2.25
-2.73
2.25
-10.26
-7.40
-5.18
-2.29
-4.38
-4.38
-9.42
2.44
4.70
-5.88
-7.40
-4.38
9.37
0.2
2.8
-5.70
-15.18
0.2
-2.12
-5.88
3.53
-8.70
1.94
0.2
-1.98
-4.7
-2.49
-6.81
4.70
0.2
2.25
2.25
5.46
-2.29
-8.70
-6.31
6.77
2.44
-4.75
-4.75
-4.75
0.2
-7.40
-8.10
-14.68
-4.7
-4.38
-11.25
-10.26
-6.81
-2.29
5.13
-6.81
11.21
0.2
0.2
-12.92
-9.42
6.27
-6.31
-5.18
-6.31
-5.18
-4.75
-2.73
-2.49
-13.94
5.13
-12.20
-11.25
-6.81
-4.75
-11.25
0.2
2.8
5.64
-1.98
-4.38
0.2
0.2
-5.18
-2.12
-7.55
2.8
1.94
-5.18
-2.29
-2.29
-2.49
4.70
-2.49
-12.48
-2.73
-12.92
-7.40
-11.25
-12.64
2.25
-19.88
-8.70
-18.33
0.2
-15.55
-12.20
-2.29
-14.45
-2.73
-6.31
-2.12
-11.25
-22.50
-8.9
2.8
-9.42
-7.40
-2.29
-4.7
-11.25
-11.26
-22.50
0.2
-2.49
-11.25
2.25
-1.98
-5.18
0.2
-12.20
-5.88
2.44
-3.80
-5.70
-12.20
-3.80
1.94
-6.81
-4.38
-4.75
-6.31
-13.96
-9.42
-6.81
-6.81
-6.81
-4.38
8.89
-15.55
-13.49
0.2
-11.25
-12.92
-16.84
4.34
-9.73
-6.81
-3.80
-17.13
2.44
-5.88
0.2
-8.10
-21.26
-8.70
-2.12
-6.81
-23.8
-1.85
-11.25
-6.31
-9.42
-21.70
-13.33
-8.9
-19.88
-6.81
-4.38
-12.20
-12.92
2.44
-18.33
-5.88
-15.18
-9.73
-11.25
-2.29
2.44
-11.25
-24.32
-6.31
2.44
-2.49
-6.31
-4.7
-6.81
1.94
-11.25
-8.10
-12.92
8.66
-9.42
-11.24
-3.80
-13.49
-11.25
-5.88
2.44
-2.29
-11.26
-2.12
-6.31
-12.92
2.44
-15.18
0.2
-26.42
-15.55
-15.18
-14.45
-8.9
-6.81
-15.18
4.3
-10.26
-19.69
-19.69
-6.81
-2.73
-4.75
-13.96
-22.50
0.1
-4.75
-8.9
-14.68
0.1
-4.75
-7.40
-10.26
0.2
-10.43
-10.26
4.34
-21.26
-11.25
-6.31
-12.92
-8.9
-4.7
-4.75
-8.70
-4.7
-6.31
-13.96
-13.96
-9.73
-2.49
-11.26
-1.98
-14.68
-6.81
-9.42
-6.31
-8.9
7.35
-15.18
-5.18
-6.81
-8.70
2.25
-13.96
-20.92
-11.26
-1.98
-3.2
-10.26
-4.75
-10.26
0.2
-8.70
2.44
-2.12
-18.33
-8.70
-8.9
-7.40
-6.31
-5.18
0.2
-7.40
-6.31
-4.38
-16.62
-8.70
0.1
-7.40
-2.12
-2.12
6.77
0.2
-8.70
-8.70
-6.31
-12.2
-4.75
-2.12
-8.70
0.2
-12.20
-6.81
4.70
-4.75
-8.70
-19.69
-6.31
-2.12
4.3
-18.36
-6.81
-16.62
-8.9
-13.96
-13.96
-8.70
-2.49
-2.49
-18.33
-9.42
-2.29
-8.70
-2.29
-8.70
-23.8
-16.84
-11.25
-2.29
-16.84
-4.75
0.2
-6.31
-13.33
-4.38
-13.96
2.8
-1.85
-14.45
-8.10
0.2
-9.42
-2.49
-13.96
-9.42
-5.50
-6.31
-4.75
-4.7
-4.75
-9.42
0.2
-4.38
-7.40
-21.26
-14.45
-6.81
-8.9
-3.80
-15.55
-12.20
-17.0
-6.31
-6.81
4.34
-13.96
0.2
0.2
-14.45
-23.8
-3.80
-12.92
-16.84
-2.29
-19.69
-2.29
-4.38
-5.18
0.2
-7.55
-4.7
-9.42
-11.25
-15.18
-6.81
-10.26
-14.45
0.2
-14.68
-9.73
-7.40
-12.2
0.2
-6.81
-7.40
-8.70
-13.96
-18.34
-6.31
2.44
-4.75
-2.49
-15.55
-4.75
0.1
-18.34
-5.88
-12.92
-8.70
-7.55
1.94
-15.55
-7.40
1.94
0.2
0.2
-2.73
2.25
-3.80
-8.70
-15.18
-7.40
-8.9
-4.7
-8.70
-9.42
-12.20
-4.38
-12.20
-1.98
0.2
-15.18
8.89
-8.70
-11.24
-10.43
2.8
-10.43
0.2
-7.40
-2.29
-9.73
-10.43
0.2
-8.9
-17.0
-8.9
0.1
0.2
-15.55
-2.29
-2.49
-13.96
-2.12
-15.18
-16.84
-19.88
-13.33
-4.75
-12.92
-19.69
-10.55
-2.49
-5.70
4.70
-6.81
-6.31
-8.70
0.2
0.2
-11.25
-6.81
-2.49
-10.43
-2.12
-3.2
-7.40
-10.43
1.70
-8.10
-5.18
-5.70
-8.70
6.27
-15.18
-2.73
-2.29
-4.38
-2.73
-7.40
-4.38
-13.96
-11.26
-7.40
-11.25
-2.29
-8.9
0.3
-17.0
-8.10
-10.55
-4.75
-13.33
-4.7
-16.84
-2.49
-22.29
-4.75
-3.80
-9.73
-12.20
-9.42
-15.55
-8.70
-10.43
0.2
0.2
5.84
-18.33
-5.18
-12.2
-7.40
-2.49
-5.18
-9.42
-9.42
0.1
-14.45
-6.31
-9.42
-4.75
-13.96
0.2
8.66
-4.7
-6.31
-4.7
-9.73
-12.20
-14.84
-11.25
-8.70
-4.38
4.3
-8.9
2.8
-4.75
-7.40
-4.7
-5.18
-9.42
-12.92
-14.84
-5.88
-12.92
0.2
-12.92
0.2
-8.70
-7.55
-8.9
-5.18
-15.55
-19.69
-8.70
-2.49
-16.84
-8.94
-7.40
-16.62
-2.12
3.76
-11.25
-10.43
-20.14
-14.45
-12.92
0.2
-6.31
-4.38
-2.12
-5.88
-9.42
-12.2
-6.81
-7.40
-2.12
-4.75
-16.84
1.70
-17.0
-12.92
-4.75
-8.70
-6.81
-8.9
-9.73
1.94
-9.42
-13.96
-1.85
-8.70
2.8
-2.49
-9.98
-18.33
-12.20
-18.33
-4.75
-12.2
-2.12
-2.49
-11.25
1.94
-18.34
-1.98
-9.42
-6.81
2.25
-6.31
-10.43
-9.42
-2.73
-8.70
4.70
-8.70
-3.80
-11.25
-2.49
-12.92
8.5
-8.70
2.8
-9.73
-20.64
-6.31
-4.38
-6.33
0.2
-6.31
-13.96
-8.70
-11.24
-4.38
-1.85
-5.18
-8.70
-2.12
0.2
-4.38
-5.50
-8.70
0.2
-12.92
-7.40
-4.75
2.25
-2.49
9.37
-5.17
-8.70
8.89
-5.18
-7.40
-1.73
6.77
-12.20
4.34
-2.29
2.68
-2.12
-5.18
-6.31
-1.85
-15.55
-11.25
-6.81
-14.68
13.92
-4.38
0.2
-12.20
3.76
-11.25
-4.7
0.2
-15.85
-9.42
2.44
0.2
-2.29
-2.29
-3.56
2.44
-6.31
-4.38
4.70
-2.73
-2.73
-2.12
-19.69
-10.43
-14.45
-8.9
-15.85
-12.20
0.2
-6.31
-2.73
-2.49
-4.7
4.3
-12.2
0.2
-7.8
-11.24
-15.85
2.44
4.34
0.2
-2.49
-11.25
-2.29
-1.98
-6.31
-10.43
-8.70
-8.70
-9.42
-12.92
-9.73
-8.10
-6.81
-19.88
-6.31
-12.20
-12.20
3.76
-4.75
-8.10
-2.12
-5.50
-4.38
0.2
0.2
-8.9
-8.9
-8.9
4.34
-5.88
-7.55
4.3
0.2
-6.31
-11.25
-8.70
2.8
-7.40
-5.18
-2.29
-9.42
-5.50
-13.96
-6.81
-1.85
-6.31
4.70
-2.29
-2.49
4.70
-16.84
4.34
-2.49
-2.29
-2.29
-7.40
-13.33
-10.26
-7.40
-11.25
-7.40
-16.84
-19.69
-14.68
-12.2
4.34
-13.96
5.64
-19.88
-7.40
-15.55
-10.43
-1.98
-8.70
-4.7
2.8
-2.12
-2.29
-13.33
-8.10
-13.96
-4.7
-10.43
2.68
-8.9
-11.25
0.1
-8.70
1.81
-4.38
-6.81
-7.40
-4.75
-4.75
-9.42
-16.62
-11.24
-2.29
4.3
-1.98
-11.25
-12.92
-6.81
0.2
-1.98
-11.26
-2.29
-4.38
0.2
-14.45
-6.81
0.2
-6.81
-2.49
-5.88
-9.42
-12.2
2.44
-15.55
2.8
2.25
-4.75
16.79
-1.98
7.35
0.2
0.1
-11.25
-10.26
-12.92
-4.7
2.8
-15.55
-4.7
-2.49
-9.42
4.70
-6.31
-9.42
2.8
-7.40
-8.9
-8.9
-11.25
-2.12
2.25
-2.12
-16.84
-15.55
2.25
4.70
-9.42
-2.12
-10.43
-9.73
-9.42
-2.12
0.1
-4.75
-2.49
-18.34
-16.84
-5.88
-2.12
4.34
-8.10
-4.75
-16.84
-4.38
-2.29
-5.88
-12.92
8.66
-7.40
0.2
13.92
-8.9
0.2
-2.29
-15.85
-4.75
-16.84
-8.70
-2.49
-5.88
-5.18
-11.25
-15.55
-8.70
-4.75
2.44
-9.42
-12.20
-6.81
4.70
-19.69
1.94
-10.43
2.25
4.70
-8.9
-13.96
-7.40
-10.43
-7.40
-4.7
-2.49
2.8
-8.10
-4.75
-4.38
7.51
-6.81
-11.25
0.2
-8.70
-2.12
-5.88
-8.70
-14.45
10.39
-6.81
-4.75
-7.40
6.27
-6.81
-8.9
0.2
-1.98
-10.43
5.13
-10.26
-8.10
-2.12
-6.31
-2.49
-5.88
0.2
-8.70
-8.10
-7.40
-1.98
4.3
9.37
-1.98
2.8
-7.40
-12.64
2.8
-11.25
-8.70
-14.45
-4.38
-12.92
-7.55
-7.40
-3.56
-3.80
2.8
-4.7
-5.88
