-34.30
-49.89
-38.10
-37.42
-23.97
-45.78
-35.85
-45.99
-45.99
-45.65
-41.53
-49.47
-38.69
-45.78
-37.42
-31.4
-35.12
-52.39
-45.65
-45.89
-23.97
-40.51
-45.89
-53.34
-49.73
-45.89
-45.11
-41.53
-52.98
-39.69
-41.53
-31.61
-22.16
-61.40
-45.78
-32.29
-45.89
-53.34
-37.8
-40.51
-41.6
-41.6
-56.14
-49.36
-45.89
-53.74
-50.8
-39.9
-32.29
-50.31
-41.53
-45.32
-23.97
-49.59
-40.51
-37.8
-37.42
-22.59
-45.99
-26.94
-45.89
-32.29
-45.65
-45.89
-10.57
-42.89
-44.86
-20.7
-46.24
-34.30
-42.61
-35.85
-41.94
-42.89
-34.66
-39.86
-50.8
-41.53
-36.64
-62.39
-56.14
-45.11
-38.69
-41.94
-41.53
-42.61
-45.65
-41.53
-41.6
-54.20
-28.5
-58.38
-28.17
-45.49
-54.74
-54.74
-49.47
-37.42
-39.22
-45.65
-30.57
-45.65
-41.6
-45.78
-41.53
-42.29
-45.89
-45.99
-45.49
-54.74
-35.12
-37.42
-45.65
-37.42
-40.51
-49.36
-53.34
-45.65
-40.51
-22.16
-21.85
-45.32
-45.65
-41.6
-50.31
-41.53
-50.31
-53.34
-42.29
-54.20
-41.94
-52.39
-49.36
-54.74
-49.59
-41.6
-41.94
-49.47
-33.36
-41.53
-26.94
-41.94
-45.65
-41.53
-45.99
-50.8
-33.36
-38.10
-42.29
-22.16
-45.89
-39.86
-45.78
-33.36
-49.26
-41.94
-45.99
-57.64
-39.22
-35.85
-54.20
-49.73
-45.49
-38.69
-49.59
-28.5
-45.32
-37.42
-45.32
-34.30
-41.94
-56.99
-49.36
-49.73
-33.36
-45.78
-45.78
-49.73
-29.58
-26.50
-45.65
-66.21
-42.29
-42.61
-39.86
-41.6
-53.74
-40.51
-49.36
-41.94
-57.64
-57.64
-41.53
-33.36
-34.30
-45.32
-33.36
-26.94
-41.6
-38.10
-45.32
-40.51
-39.22
-49.89
-40.51
-36.64
-23.97
-31.4
-45.65
-50.8
-29.40
-49.47
-45.32
-49.47
-52.67
-41.94
-39.22
-41.94
-37.42
-49.59
-20.7
-50.31
-34.66
-45.49
-41.6
-35.12
-35.12
-35.12
-33.36
-54.20
-45.65
-53.74
-45.78
-41.94
-45.65
-38.10
-41.6
-40.51
-42.89
-49.89
-38.10
-25.55
-36.64
-49.73
-38.10
-49.73
-41.94
-56.99
-37.42
-38.69
-35.12
-45.89
-41.6
-49.26
-49.47
-49.59
-35.85
-39.86
-35.12
-54.74
-45.78
-41.94
-40.51
-56.99
-45.32
-40.51
-45.65
-49.73
-49.59
-41.53
-32.29
-38.69
-45.11
-41.6
-37.42
-38.69
-30.57
-54.20
-45.32
-52.67
-50.8
-28.17
-37.42
-26.50
-41.6
-50.8
-41.6
-41.6
-49.89
-40.51
-20.7
-50.8
-35.12
-36.64
-31.61
-37.42
-38.69
-45.49
-34.30
-38.10
-53.34
-38.10
-30.57
-45.11
-53.34
-41.53
-49.59
-35.12
-41.6
-37.42
-45.78
-49.73
-38.69
-23.97
-34.30
-57.64
-22.59
-49.59
-41.53
-23.23
-41.6
-49.73
-30.57
-53.74
-50.8
-35.73
-45.65
-49.73
-45.78
-45.65
-23.97
-53.74
-53.74
-41.53
-45.78
-49.26
-41.94
-40.51
-41.53
-42.29
-41.6
-45.49
-30.57
-52.98
-37.42
-53.74
-37.42
-42.29
-41.53
-37.42
-49.47
-45.89
-36.64
-41.6
-60.25
-41.53
-45.65
-45.32
-52.98
-41.6
-45.78
-50.31
-36.64
-30.57
-41.94
-45.78
-42.29
-52.67
-41.6
-49.36
-36.64
-55.38
-49.89
-39.86
-41.94
-40.51
-30.57
-37.42
-37.42
-41.53
-42.29
-45.32
-44.86
-38.69
-45.65
-56.42
-38.10
-18.33
-38.10
-33.38
-20.7
-49.59
-39.86
-56.42
-41.94
-39.86
-29.40
-45.65
-42.61
-50.8
-41.53
-41.6
-50.8
-49.73
-54.20
-39.86
-34.66
-45.49
-49.73
-35.12
-46.8
-49.59
-45.65
-37.42
-38.69
-41.94
-54.20
-45.99
-35.73
-41.6
-45.78
-41.53
-35.12
-41.53
-37.42
-50.31
-49.59
-42.29
-49.59
-37.42
-26.50
-49.36
-24.70
-45.89
-41.94
-45.11
-39.86
-49.59
-49.47
-39.86
-39.86
-35.12
-45.78
-41.6
-49.89
-49.47
-22.16
-45.32
-49.73
-41.53
-39.69
-49.89
-39.86
-35.12
-49.89
-45.78
-49.89
-41.53
-37.42
-45.89
-37.42
-32.29
-46.8
-45.89
-38.10
-31.4
-37.42
-45.49
-32.29
-53.74
-42.61
-35.73
-26.94
-40.51
-45.32
-45.32
-37.42
-49.73
-40.51
-45.65
-38.69
-45.65
-36.64
-45.65
-45.65
-45.89
-45.65
-49.73
-45.65
-28.5
-49.73
-32.29
-33.36
-41.6
-53.74
-45.99
-37.42
-28.5
-33.36
-54.74
-34.30
-41.94
-31.4
-42.61
-38.10
-33.36
-38.10
-39.86
-45.49
-36.64
-53.74
-41.94
-56.14
-45.65
-36.64
-45.89
-34.66
-57.64
-36.64
-36.64
-36.64
-26.94
-24.70
-45.32
-53.74
-36.64
-59.24
-35.85
-38.10
-32.29
-45.65
-37.42
-40.51
-40.51
-45.32
-36.64
-34.30
-42.29
-38.10
-41.6
-45.89
-49.73
-38.10
-45.65
-45.65
-49.59
-41.94
-26.50
-38.10
-45.65
-35.85
-40.51
-43.14
-34.66
-38.10
-39.22
-29.40
-35.73
-45.78
-39.22
-45.99
-38.10
-41.6
-33.36
-29.40
-40.51
-42.89
-41.94
-49.47
-54.20
-24.70
-35.73
-34.30
-45.49
-49.89
-42.29
-52.98
-44.86
-38.10
-40.51
-56.14
-31.61
-41.53
-35.12
-49.89
-45.65
-49.89
-62.39
-38.10
-49.73
-54.74
-39.9
-34.30
-59.24
-45.78
-41.6
-50.8
-40.51
-37.42
-49.73
-49.47
-50.8
-41.94
-45.32
-49.47
-45.99
-23.23
-49.73
-38.10
-49.59
-41.94
-45.49
-53.74
-45.65
-45.89
-30.57
-30.57
-45.78
-41.53
-41.6
-31.61
-37.42
-36.64
-41.94
-41.53
-49.36
-50.8
-53.34
-53.74
-40.51
-50.31
-39.86
-65.0
-66.21
-55.38
-61.44
-55.38
-64.87
-63.54
-62.88
-73.26
-84.80
-50.90
-73.20
-92.33
-87.98
-59.65
-96.1
-71.6
-83.47
-109.79
-111.63
-97.5
-88.67
-85.78
-88.50
-118.13
-100.51
-73.41
-119.71
-96.1
-106.1
-113.44
-97.5
-132.58
-108.89
-109.79
-115.60
-102.54
-118.13
-97.5
-100.58
-124.12
-96.1
-120.62
-124.12
-132.62
-124.12
-138.63
-118.13
-118.13
-139.36
-124.12
-108.89
-132.62
-142.52
-143.15
-120.98
-118.13
-138.3
-132.84
-116.11
-142.52
-145.50
-145.50
-132.75
-132.62
-126.68
-155.4
-140.29
-132.62
-132.75
-153.19
-156.9
-167.76
168.50
-161.71
-152.52
-140.29
-139.36
-122.2
-169.40
-125.19
-170.34
-153.19
-161.71
-144.64
-167.76
-158.87
-153.98
-164.27
172.46
-158.22
-158.22
-161.71
-139.36
-141.50
-152.52
-167.85
-175.37
-158.22
-147.83
-161.71
-167.76
-132.60
-143.15
-158.22
-171.98
-167.76
-162.35
-173.15
-143.15
-148.82
-162.35
-165.54
-164.27
177.20
149.56
-132.84
169.1
-158.22
-177.12
-158.62
-155.4
177.91
-161.71
-161.71
163.91
-161.71
-177.12
-150.49
166.58
168.50
-158.22
-150.13
155.76
-138.63
-147.83
-140.29
177.61
177.20
171.5
-167.85
-162.35
-163.47
-167.76
-173.15
177.20
-132.75
-158.22
-150.13
-161.71
-164.27
-147.83
-170.34
-158.22
-150.49
-171.98
-165.54
-155.4
-161.34
-146.5
-162.35
-158.22
-167.76
-164.27
-171.98
-171.98
-161.71
-177.12
-177.12
-153.98
-173.15
172.46
-171.98
-149.14
171.7
-167.76
-170.34
171.5
-170.66
176.61
-155.4
177.20
-165.54
-177.91
172.46
-152.52
-146.5
-167.73
171.5
169.95
178.15
163.91
-177.12
172.46
-169.40
-164.27
-158.62
-150.13
168.50
-171.98
-171.98
162.94
-152.52
-167.76
-132.84
-171.98
-158.22
-155.4
-161.34
177.91
169.1
-152.20
-153.98
171.5
-166.21
-177.91
-162.35
177.61
176.61
173.49
-173.15
-165.54
-153.19
178.49
177.91
-167.76
176.61
172.46
-176.45
-164.27
-150.49
-165.54
-177.91
-153.98
176.61
-158.22
152.62
177.91
-170.66
-171.98
-178.16
-154.96
-171.98
-177.91
-177.91
-177.91
177.61
-167.76
-164.27
-150.49
-166.21
163.91
-155.4
-161.71
-150.49
-174.3
-173.15
169.1
-173.15
173.49
177.61
-168.95
171.5
177.61
-167.76
174.27
-177.58
166.58
-171.98
159.95
-164.27
177.91
-173.35
-165.54
169.95
-164.27
-161.71
-158.87
177.61
-177.58
166.90
-152.52
165.17
163.91
177.91
-177.12
169.95
177.20
-158.87
178.15
168.50
-177.58
-158.87
-152.52
-165.54
-161.10
-170.34
-168.95
-167.76
-177.91
-177.91
171.5
-167.73
-161.71
-173.15
-158.22
-173.15
-177.91
-156.9
-175.24
-177.12
171.7
162.35
177.61
-163.47
-158.87
-177.12
-177.91
177.91
-177.91
-137.54
-174.3
-166.21
-177.91
-167.76
-170.66
-147.83
-173.15
-170.66
-146.5
-178.16
-165.54
-166.21
-169.40
-174.70
174.27
-177.91
-178.65
-174.70
-176.45
-167.76
169.95
-155.4
178.15
169.95
177.20
-176.45
176.61
-165.16
-163.47
-177.12
-166.21
-161.71
-169.40
-161.71
-166.21
-178.16
-177.58
-173.15
177.91
-177.58
-155.4
171.5
-161.34
-164.27
-169.40
162.94
178.34
-177.12
-158.62
-177.91
159.95
-177.91
168.50
-164.27
176.61
-175.37
-177.58
-177.91
-167.76
-177.91
173.49
-161.71
168.50
-161.10
-169.40
-177.58
-158.62
-177.12
-158.62
-174.3
-167.85
-156.9
154.29
165.17
-152.52
-177.91
169.1
-171.98
177.61
177.61
-164.27
-170.34
162.35
-173.15
-176.45
177.91
171.5
172.46
177.20
177.91
-165.54
-174.3
-167.76
-167.76
-176.45
-155.4
-177.58
174.27
177.61
-177.91
174.27
-177.58
-177.58
-164.27
-167.76
-177.58
166.90
-174.3
-165.54
-177.12
159.94
-164.27
-169.40
171.5
-174.3
172.46
-178.36
176.61
-161.34
-156.9
178.15
166.90
163.91
-177.58
174.27
165.17
-158.22
-177.12
-152.20
-171.98
163.91
-170.66
-150.13
168.50
166.58
-158.62
-173.15
-167.76
177.61
-140.29
-171.98
-170.66
-170.66
177.61
177.20
177.20
165.78
-161.34
-147.43
-161.71
168.50
172.46
166.90
-174.70
-171.98
-167.76
173.49
-177.58
-158.22
178.15
-176.45
-171.98
-170.34
-173.15
-177.12
166.58
-171.98
-176.45
-174.3
174.88
-169.40
-166.21
-165.54
-177.12
-173.15
-170.66
-177.58
-161.71
-176.45
-161.71
-147.83
-157.45
-166.21
-170.34
-152.52
-177.91
-161.71
-162.35
-177.12
-171.65
-155.4
-165.54
177.61
-155.4
177.91
-161.10
-169.40
174.88
-178.36
-148.82
-177.91
175.72
-153.98
163.91
177.61
166.90
-177.12
-170.34
-167.76
177.61
174.27
172.46
172.46
171.5
162.94
166.58
-171.98
173.49
-174.3
177.61
-161.34
178.34
166.58
-167.85
-167.76
-166.21
-163.47
-177.91
172.46
-174.70
-177.58
-174.70
171.5
165.17
-165.54
171.5
-166.21
177.91
173.49
-169.40
-158.22
-171.98
-161.34
-166.21
-174.3
177.61
-171.65
-170.66
-173.15
174.27
177.61
162.94
-173.15
-175.24
163.91
-166.21
-177.58
-161.71
-164.27
173.49
-165.54
-161.10
-177.58
-173.15
-177.58
-162.35
177.91
177.61
178.15
177.61
-161.71
172.46
-171.98
-175.37
-155.4
168.50
171.5
166.90
-171.98
159.94
-165.54
-163.47
177.91
-140.29
-167.76
-174.3
173.49
-167.76
-165.54
-170.66
-158.62
-173.15
172.46
-167.76
-155.4
-155.4
-177.58
-170.34
172.46
-167.73
-170.34
-155.4
-168.95
168.50
-158.22
-169.40
-163.47
177.91
173.49
-177.91
-163.47
-174.3
159.95
168.50
-161.71
159.94
-167.76
177.61
-177.58
173.49
163.91
177.61
150.20
-169.40
-167.76
168.50
171.5
174.88
-166.21
-161.71
-173.15
-162.35
-177.58
-167.76
157.45
177.20
-161.34
-165.16
-165.54
-157.25
-153.98
177.91
171.5
-165.54
-167.76
146.78
-167.76
-171.98
-165.54
159.95
-165.54
-167.73
-150.13
-166.21
-177.58
-173.15
177.20
-171.65
-158.22
175.72
-169.40
172.46
177.20
-158.87
-158.87
173.49
-170.66
154.29
-177.91
177.61
-167.76
-174.3
-178.16
174.88
-176.45
-173.15
172.46
163.91
-174.3
-177.58
-177.91
-169.40
-174.3
-174.3
-175.24
-158.62
178.15
-158.62
172.46
173.49
-170.66
171.5
-169.40
-138.63
177.91
177.61
172.46
-173.15
172.46
175.72
-161.71
-177.91
-177.91
-171.98
-167.73
-178.36
-150.49
-177.58
-167.76
-158.62
171.7
177.61
-177.91
-176.45
177.20
-144.64
163.91
-174.70
-167.76
-167.76
172.46
168.50
-177.58
-169.40
172.46
-158.22
-161.34
165.78
-177.91
-171.98
-177.58
-167.76
-178.16
-147.83
-177.91
-177.58
-161.71
-169.40
-163.47
-165.54
-177.12
-138.63
-177.12
-132.60
-141.50
-150.49
-132.65
-132.70
-118.13
-126.68
-113.44
-150.13
-105.37
-122.67
-132.70
-83.97
-98.51
-95.24
-143.15
-69.67
-79.1
-54.97
-79.20
-105.78
-71.6
-68.30
-96.1
-68.30
-79.1
-73.31
-77.75
-68.30
-59.65
-73.22
-50.57
-68.30
-62.88
-50.57
-38.14
-60.25
-44.55
-66.43
-60.25
-29.91
-54.20
-53.74
-45.49
-37.42
-50.57
-36.50
-45.65
-49.73
-46.8
-55.38
-26.50
-36.64
-49.89
-57.6
-55.38
-45.49
-45.65
-41.6
-50.31
-45.78
-49.73
-55.38
-53.34
-56.42
-45.11
-49.59
-35.73
-49.59
-55.38
-45.32
-45.89
-55.92
-45.32
-45.65
-52.98
-49.47
-45.65
-45.49
-45.99
-42.29
-41.6
-56.14
-41.53
-36.64
-38.10
-30.57
-49.47
-52.98
-60.25
-45.99
-30.57
-61.40
-53.74
-41.6
-45.99
-56.99
-56.42
-42.29
-44.86
-41.53
-41.53
-38.10
-49.89
-37.42
-49.73
-31.61
-44.55
-40.51
-53.74
-45.99
-36.64
-42.61
-35.73
-45.32
-45.89
-37.42
-39.69
-41.53
-59.24
-49.47
-50.31
-41.53
-41.53
-54.74
-36.64
-31.4
-49.47
-45.65
-42.29
-45.78
-45.49
-41.6
-53.74
-41.94
-54.20
-40.51
-40.51
-38.69
-29.40
-49.47
-34.30
-45.65
-41.94
-54.20
-37.42
-49.73
-36.64
-45.32
-41.6
-32.29
-34.30
-49.59
-41.53
-34.30
-41.6
-39.22
-49.47
-42.61
-45.99
-39.22
-45.78
-42.29
-58.38
-41.53
-45.78
-38.69
-49.59
-29.40
-46.8
-56.99
-49.73
-35.12
-53.34
-30.57
-39.86
-23.97
-45.32
-34.66
-55.38
-54.20
-29.40
-38.10
-45.99
-37.42
-49.73
-45.89
-45.65
-45.65
-39.86
-42.29
-40.48
-49.89
-45.49
-45.78
-41.6
-41.53
-61.40
-41.53
-38.10
-34.30
-38.10
-45.78
-45.49
-56.42
-59.24
-49.73
-34.30
-40.51
-45.32
-49.73
-41.53
-41.6
-46.17
-31.4
-41.6
-24.70
-44.55
-26.50
-45.11
-49.73
-34.66
-49.89
-49.47
-45.65
-54.20
-57.64
-45.65
-45.78
-45.99
-56.42
-29.58
-49.73
-49.59
-37.42
-39.86
-45.65
-37.42
-45.32
-35.73
-41.94
-55.92
-26.50
-34.30
-40.51
-45.49
-45.49
-35.73
-49.73
-45.49
-42.61
-31.61
-49.73
-45.99
-39.9
-41.6
-40.51
-35.12
-50.8
-35.73
-29.40
-49.59
-53.34
-38.69
-45.32
-50.8
-45.32
-41.53
-45.11
-59.24
-45.78
-37.42
-45.78
-41.94
-28.5
-41.6
-53.34
-41.94
-53.34
-41.53
-32.29
-45.65
-30.57
-41.6
-28.5
-42.61
-37.42
-45.49
-45.78
-45.65
-49.59
-44.86
-35.12
-45.65
-45.32
-36.64
-45.49
-53.34
-60.25
-56.42
-42.61
-45.49
-41.94
-34.66
-31.4
-52.98
-41.6
-53.34
-36.64
-45.32
-35.12
-38.69
-42.61
-41.6
-42.61
-62.88
-46.8
-45.49
-41.53
-45.78
-53.34
-34.30
-41.6
-45.49
-49.47
-49.89
-36.64
-45.65
-50.8
-49.36
-49.59
-29.58
-38.10
-50.8
-34.30
-41.53
-40.51
-49.89
-57.64
-49.89
-50.8
-36.64
-52.98
-45.65
-37.42
-49.89
-38.10
-41.6
-41.6
-49.89
-45.78
-45.32
-38.69
-58.38
-49.36
-41.53
-22.16
-49.73
-60.25
-30.57
-53.34
-39.22
-34.30
-45.65
-57.64
-36.64
-45.89
-52.98
-45.65
-49.36
-38.69
-35.73
-41.6
-42.29
-25.55
-41.94
-45.78
-53.74
-41.53
-38.10
-37.42
-41.6
-49.59
-30.57
-59.24
-50.31
-52.98
-45.49
-25.55
-45.78
-39.86
-38.10
-56.42
-29.58
-41.53
-49.89
-49.59
-40.51
-41.6
-49.89
-58.38
-45.78
-54.20
-45.65
-45.11
-45.65
-36.64
-38.10
-56.99
-49.73
-41.53
-40.51
-58.38
-49.89
-31.4
-31.4
-55.38
-41.53
-35.73
-45.89
-49.89
-53.74
-34.30
-52.98
-39.86
-61.44
-45.32
-45.65
-54.20
-40.51
-45.49
-26.10
-45.65
-41.94
-30.57
-50.31
-61.40
-38.69
-69.82
-35.73
-41.6
-36.64
-32.29
-37.42
-49.89
-37.42
-55.92
-39.9
-41.53
-35.85
-45.32
-33.36
-30.57
-29.40
-49.47
-45.49
-38.69
-41.53
-45.49
-53.74
-39.86
-40.51
-57.64
-26.50
-49.59
-41.53
-39.22
-49.89
-35.85
-45.65
-41.6
-37.42
-41.53
-37.42
-39.86
-41.53
-45.65
-50.31
-41.6
-33.36
-49.73
-45.89
-49.36
-49.89
-35.12
-38.10
-33.38
-58.38
-20.7
-36.64
-26.50
-33.36
-32.29
-41.94
-49.73
-45.78
-38.69
-45.89
-41.6
-45.11
-39.86
-54.20
-35.12
-41.94
-45.11
-41.6
-41.6
-45.65
-41.6
-28.5
-45.65
-21.85
-45.49
-49.59
-41.6
-33.36
-57.64
-50.31
-45.49
-49.73
-45.49
-40.51
-38.10
-45.49
-45.99
-37.42
-28.5
-41.94
-41.53
-63.93
-32.29
-34.66
-44.55
-41.6
-41.94
-55.38
-35.73
-29.58
-32.29
-45.65
-41.6
-45.65
-34.66
-43.14
-45.78
-40.51
-45.49
-52.98
-58.38
-36.64
-36.64
-45.65
-36.64
-52.14
-38.10
-41.6
-49.89
-45.49
-33.38
-45.89
-41.94
-31.4
-45.65
-53.74
-49.73
-45.32
-42.61
-41.94
-54.20
-56.99
-60.25
-31.61
-32.29
-49.89
-45.32
-33.36
-32.29
-40.51
-45.89
-45.89
-41.6
-54.20
-49.47
-49.47
-50.31
-41.6
-34.66
-49.89
-38.69
-45.99
-45.89
-41.6
-41.94
-37.42
-50.57
-40.51
-39.86
-41.53
-45.49
-54.20
-34.66
-39.86
-45.89
-41.6
-36.64
-45.78
-41.53
-42.29
-49.89
-49.89
-45.32
-53.74
-32.29
-29.58
-40.51
-36.64
-41.94
-34.30
-39.86
-36.64
-38.69
-50.57
-45.65
-58.38
-41.94
-34.66
-49.73
-41.6
-34.66
-37.42
-50.8
-45.32
-41.53
-49.59
-33.36
-50.31
-40.51
-55.38
-54.74
-56.14
-42.29
-28.5
-32.29
-41.53
-42.61
-45.49
-31.61
-50.31
-45.49
-49.89
-38.10
-41.94
-49.36
-38.10
-49.36
-32.53
-31.4
-54.74
-41.94
-41.53
-45.49
-45.78
-55.38
-22.59
-39.9
-41.6
-38.69
-45.49
-34.30
-45.65
-50.90
-36.64
-29.58
-33.36
-49.59
-53.34
-45.49
-23.97
-45.78
-30.26
-45.49
-45.89
-38.69
-38.10
-28.5
-42.29
-46.8
-38.10
-38.10
-49.89
-45.78
-45.65
-45.99
-36.64
-36.50
-34.66
-60.25
-39.86
-45.78
-41.94
-34.30
-40.51
-34.30
-24.70
-35.73
-36.64
-42.61
-36.64
-50.8
-53.74
-35.73
-49.89
-44.86
-31.4
-41.94
-33.36
-42.29
-49.89
-45.49
-14.80
-42.61
-54.20
-49.89
-46.17
-41.6
-55.92
-45.89
-58.38
-42.29
-36.64
-53.74
-45.78
-45.78
-35.73
-45.32
-68.42
-41.6
-35.12
-45.78
-50.31
-41.94
-32.29
-45.65
-39.86
-35.12
-49.89
-58.38
-34.30
-38.69
-45.78
-50.57
-41.6
-54.74
-41.53
-49.26
-50.31
-42.61
-38.69
-42.29
-45.32
-37.42
-30.57
-41.94
-62.39
-41.94
-45.49
-50.31
-34.66
-45.89
-39.86
-37.42
-49.89
-39.86
-54.74
-38.10
-49.73
-42.29
-36.64
-28.5
-33.36
-37.42
-49.73
-36.64
-45.49
-41.6
-37.42
-49.59
-40.51
-35.73
-42.61
-38.69
-52.98
-45.89
-41.94
-38.69
-50.8
-45.65
-49.73
-49.73
-32.29
-45.89
-41.94
-45.78
-45.65
-49.26
-45.65
-49.36
-59.76
-31.4
-45.65
-45.49
-41.53
-45.89
-45.65
-34.30
-34.30
-31.61
-50.8
-42.29
-45.65
-49.89
-45.32
-52.98
-36.64
-41.53
-56.42
-49.89
-62.39
-36.64
-49.47
-49.59
-62.39
-49.89
-45.89
-54.20
-50.8
-45.65
-45.11
-45.11
-49.73
-42.89
-38.10
-36.64
-50.31
-49.89
-33.36
-32.53
-45.32
-35.73
-45.65
-49.47
-45.65
-25.55
-61.40
-41.94
-26.94
-41.94
-38.69
-36.64
-62.39
-41.6
-52.67
-33.36
-54.20
-49.47
-34.66