-66.21
-63.54
-71.41
-69.2
-74.69
-53.74
-81.80
-61.40
-65.0
-45.78
-52.98
-60.53
-58.38
-45.78
-66.21
-58.38
-73.18
-58.38
-66.21
-66.43
-59.24
-74.69
-61.44
-71.41
-65.0
-71.41
-67.18
-49.89
-60.53
-65.0
-49.89
-58.38
-49.73
-53.74
-54.74
-54.74
-49.59
-66.21
-67.60
-57.64
-57.64
-60.53
-53.74
-71.65
-55.38
-63.54
-84.80
-49.89
-50.57
-57.64
-45.49
-58.38
-57.64
-53.74
-54.20
-60.53
-50.8
-62.39
-57.64
-66.21
-52.67
-69.82
-62.39
-55.92
-65.0
-69.2
-71.41
-44.86
-57.64
-53.74
-60.53
-59.8
-58.38
-66.21
-52.98
-64.87
-66.21
-50.8
-60.53
-41.6
-53.74
-59.24
-55.92
-74.95
-73.22
-59.76
-59.76
-68.42
-64.87
-56.42
-58.46
-59.76
-67.60
-62.98
-57.64
-64.19
-66.7
-69.20
-62.39
-66.21
-76.36
-69.82
-69.20
-58.38
-49.89
-54.20
-59.24
-57.64
-59.24
-49.73
-54.74
-68.42
-60.53
-55.38
-63.54
-66.21
-70.26
-42.29
-75.87
-61.40
-68.42
-64.87
-63.54
-62.39
-67.60
-69.82
-59.76
-53.74
-58.38
-69.82
-53.34
-49.59
-49.73
-69.20
-55.47
-67.60
-67.60
-61.40
-65.0
-52.98
-76.94
-68.42
-65.0
-59.8
-67.18
-67.60
-62.39
-55.92
-56.99
-53.34
-67.18
-60.53
-62.39
-71.41
-58.38
-39.9
-76.36
-62.39
-56.99
-69.82
-60.53
-60.25
-61.40
-58.38
-56.42
-59.76
-56.99
-67.18
-64.87
-69.82
-69.20
-73.26
-53.34
-63.54
-59.76
-58.38
-45.32
-73.18
-58.38
-50.57
-57.64
-49.73
-67.18
-57.64
-52.39
-53.74
-59.76
-62.39
-52.98
-50.8
-60.53
-60.53
-65.0
-53.74
-66.21
-49.73
-65.0
-63.93
-60.53
-50.31
-62.98
-60.53
-61.40
-41.94
-53.74
-64.87
-53.34
-56.99
-54.20
-65.0
-58.38
-52.39
-53.74
-68.42
-45.89
-60.25
-56.42
-54.20
-61.40
-66.21
-56.42
-49.47
-59.24
-59.76
-61.40
-45.99
-60.53
-66.21
-56.99
-59.24
-56.14
-63.93
-67.60
-68.42
-73.20
-62.39
-56.14
-71.65
-57.64
-75.32
-67.18
-81.27
-73.20
-56.99
-54.70
-65.0
-56.99
-67.60
-56.99
-63.54
-68.30
-60.25
-59.8
-60.53
-60.53
-62.39
-61.40
-59.76
-53.74
-63.93
-71.41
-50.8
-45.89
-62.39
-67.18
-65.0
-66.7
-56.42
-62.14
-57.64
-59.24
-62.98
-50.8
-55.38
-68.42
-53.34
-81.27
-66.21
-71.83
-56.99
-61.40
-54.20
-54.20
-49.89
-56.99
-61.40
-52.14
-56.99
-61.40
-60.53
-81.27
-58.46
-61.40
-60.53
-49.73
-73.20
-41.53
-59.76
-49.47
-60.53
-54.20
-60.53
-74.95
-49.73
-69.2
-57.64
-58.38
-45.49
-57.64
-57.64
-45.65
-49.73
-67.18
-73.18
-58.38
-59.8
-66.7
-73.20
-65.0
-56.42
-54.20
-55.38
-57.64
-62.39
-55.38
-49.73
-69.2
-67.60
-65.98
-65.0
-56.42
-62.39
-55.38
-55.92
-75.32
-65.0
-49.26
-53.74
-66.21
-66.21
-64.87
-67.18
-53.74
-59.24
-59.24
-73.18
-54.74
-63.54
-49.89
-63.54
-66.7
-58.38
-53.34
-66.21
-56.42
-59.24
-49.89
-62.98
-57.64
-45.11
-69.82
-49.89
-73.22
-55.38
-57.64
-56.99
-69.20
-67.60
-52.98
-58.38
-60.53
-57.64
-63.93
-53.74
-56.42
-59.24
-60.53
-68.42
-53.34
-52.98
-62.14
-65.0
-51.92
-68.42
-57.64
-54.20
-63.54
-60.53
-63.54
-65.0
-66.21
-59.24
-56.99
-67.60
-49.73
-59.24
-55.38
-71.41
-67.60
-54.74
-63.93
-45.49
-61.40
-41.53
-50.8
-71.65
-71.65
-54.20
-60.53
-52.67
-54.20
-56.42
-49.47
-60.53
-62.39
-62.39
-61.40
-57.6
-63.93
-71.41
-68.42
-45.65
-61.40
-59.76
-64.87
-67.60
-65.0
-59.24
-57.64
-67.18
-54.74
-63.54
-62.39
-55.38
-59.76
-50.31
-58.38
-53.74
-63.93
-54.74
-76.36
-67.60
-45.32
-61.40
-67.60
-52.98
-60.53
-61.40
-71.65
-71.41
-59.24
-59.24
-63.54
-49.89
-53.74
-63.54
-67.60
-41.53
-71.65
-54.20
-59.24
-59.76
-52.98
-45.11
-76.36
-62.39
-65.0
-58.38
-62.39
-54.20
-62.14
-67.60
-74.95
-71.41
-59.76
-65.0
-61.40
-62.98
-53.74
-73.26
-63.93
-54.20
-67.60
-64.87
-67.18
-52.39
-52.98
-56.99
-62.98
-66.21
-64.87
-69.2
-61.40
-63.93
-69.20
-61.40
-54.74
-57.64
-69.82
-76.36
-59.24
-71.65
-64.87
-66.21
-49.73
-63.54
-66.21
-60.53
-41.94
-65.0
-49.73
-68.42
-56.99
-66.21
-56.42
-62.39
-75.32
-64.87
-59.76
-67.18
-75.32
-46.8
-41.6
-71.41
-62.39
-69.82
-61.40
-49.36
-67.60
-57.64
-65.0
-61.44
-59.24
-50.8
-61.40
-63.54
-61.40
-66.7
-56.99
-69.20
-54.74
-50.8
-54.74
-53.74
-56.99
-49.36
-49.89
-49.73
-59.76
-60.53
-58.38
-45.11
-62.39
-49.59
-40.51
-53.34
-63.93
-53.74
-71.65
-52.98
-62.14
-53.74
-53.74
-49.73
-67.60
-60.53
-60.53
-50.57
-59.76
-58.38
-57.6
-45.49
-68.30
-54.74
-54.74
-55.92
-53.74
-67.60
-63.54
-61.40
-61.40
-45.65
-53.34
-64.87
-64.87
-56.99
-61.40
-53.74
-55.38
-71.41
-62.88
-60.53
-73.20
-49.47
-54.20
-57.64
-56.99
-62.14
-68.30
-62.39
-62.98
-58.38
-59.8
-56.42
-45.11
-63.54
-53.74
-56.99
-52.98
-63.54
-59.24
-45.11
-68.42
-58.20
-49.73
-60.25
-49.89
-58.38
-53.74
-66.21
-66.43
-66.21
-45.78
-52.67
-71.65
-67.60
-49.47
-55.92
-61.40
-62.39
-55.38
-73.22
-80.35
-56.99
-79.20
-44.86
-66.43
-80.61
-66.21
-55.38
-73.22
-57.6
-81.80
-66.21
-70.55
-66.43
-63.93
-54.74
-53.74
-33.38
-69.20
-50.90
-51.31
-71.6
-77.75
-56.99
-64.87
-75.32
-80.35
-57.6
-77.75
-56.14
-65.0
-63.54
-66.21
-66.43
-73.31
-58.38
-64.87
-49.89
-59.24
-56.14
-45.11
-69.20
-56.14
-43.0
-75.87
-60.25
-61.40
-41.6
-63.93
-66.43
-71.6
-50.57
-50.57
-71.41
-83.97
-61.55
-87.98
-75.32
-67.60
-69.20
-55.38
-66.21
-61.44
-71.6
-54.20
-54.74
-66.21
-53.74
-73.26
-49.73
-45.49
-38.69
-45.78
-38.69
-30.57
-41.53
-49.73
-55.47
-49.59
-52.98
-24.84
-42.29
-45.78
-39.69
-34.30
-29.40
-24.30
-29.27
-21.85
-17.23
-22.71
-24.30
-23.3
-26.94
-22.71
-11.92
-18.71
-13.81
-30.26
-27.24
-18.54
-20.7
-14.51
-18.84
-11.92
-12.73
-6.32
-9.47
-11.92
-10.49
-3.27
-11.99
-3.5
-9.89
0.90
3.22
-1.3
5.17
3.22
-3.27
1.6
2.68
6.20
1.22
5.53
6.98
10.59
3.46
13.36
0.90
0.88
3.73
17.4
1.13
3.22
10.24
11.71
8.17
13.19
13.36
9.86
1.6
7.45
7.99
12.42
5.17
19.43
14.67
10.88
8.67
10.88
13.8
0.93
9.86
13.19
15.62
13.19
3.2
0.96
5.17
5.53
1.6
12.40
13.19
9.86
5.17
9.23
9.67
14.9
15.10
4.57
3.2
9.86
10.88
12.41
-3.5
7.33
0.88
19.50
9.86
6.98
19.50
0.99
6.20
10.24
13.8
11.8
16.39
6.57
11.71
11.71
0.93
4.57
4.57
0.81
13.8
0.99
12.40
0.88
0.99
8.67
9.16
2.68
5.87
2.41
2.41
-2.42
11.8
7.33
10.52
0.76
3.89
0.85
-4.39
3.39
6.20
-5.67
2.41
0.93
9.16
-3.58
8.29
2.84
6.97
2.41
0.81
6.20
4.57
2.68
7.33
0.77
0.84
15.56
4.57
0.85
0.77
0.88
2.53
4.32
14.36
0.88
0.81
5.87
7.33
4.32
-6.32
1.6
9.16
2.68
-4.15
0.85
4.57
-7.89
-2.55
12.99
4.57
-4.39
4.85
-3.58
2.68
2.53
-2.86
0.81
2.53
6.57
-2.19
2.68
6.57
2.53
-4.94
-2.30
-3.94
0.72
10.1
-2.42
0.84
0.69
7.33
4.10
2.53
9.67
4.10
2.41
2.41
3.54
12.40
11.71
-5.67
2.84
7.33
-2.42
0.81
8.17
0.76
3.89
-4.15
4.32
3.89
-2.30
10.24
0.81
-3.94
-4.39
2.29
0.93
-4.15
-2.30
0.80
-11.99
5.87
2.84
4.10
6.20
3.89
7.73
6.20
10.1
-4.15
0.77
3.89
2.68
2.41
9.16
6.97
0.69
0.84
4.10
2.18
-2.42
10.1
-5.67
4.10
0.80
5.57
2.68
2.53
4.10
16.68
3.89
3.89
7.33
2.68
5.31
0.84
-2.42
0.81
-2.42
-3.75
-8.35
8.67
0.81
2.41
3.89
5.87
5.87
5.87
4.10
0.88
-2.42
0.88
-3.94
4.57
5.87
-5.67
5.6
0.76
0.77
8.71
4.85
5.57
-7.14
6.20
2.41
2.68
7.73
2.68
2.41
7.33
3.54
-4.39
2.41
5.57
12.99
0.80
3.89
5.87
4.32
3.2
-2.42
0.84
0.81
-2.42
-5.39
-2.42
0.88
6.64
-3.94
2.41
5.57
0.88
0.93
6.57
-2.55
0.84
-2.55
0.77
4.32
-8.45
-7.47
3.89
8.71
0.77
0.77
6.97
-4.65
7.33
4.32
6.20
5.17
-2.19
2.41
-3.75
-4.15
2.53
0.84
0.84
4.32
5.57
2.41
2.53
3.2
-2.42
0.69
-5.67
2.68
5.87
4.32
0.77
4.10
4.32
4.10
0.73
-4.15
9.16
2.68
-2.30
0.81
8.29
-2.55
0.73
0.77
0.85
0.85
2.41
0.77
7.73
4.10
6.57
0.88
-4.15
2.53
-4.15
-4.15
0.88
8.67
0.81
5.6
4.10
2.53
0.93
13.8
5.57
3.54
4.10
5.57
0.93
0.80
0.84
0.80
0.77
7.33
0.84
4.57
5.87
0.84
2.53
3.71
2.53
2.84
6.64
0.93
-5.67
6.20
0.81
5.31
4.10
6.57
9.16
0.85
2.41
6.20
0.85
2.41
3.89
5.31
5.6
4.32
-2.42
5.57
2.53
2.53
6.97
0.84
0.84
-5.67
0.80
2.53
-5.67
2.9
-4.39
2.53
6.20
3.89
-3.58
0.84
0.84
0.81
2.41
-4.15
0.69
-2.19
7.33
2.53
7.33
2.41
-4.15
5.57
0.84
0.72
10.52
0.73
2.53
0.77
9.23
2.53
2.29
6.64
-2.42
2.53
0.77
0.90
2.53
0.85
10.52
0.88
11.71
2.68
-2.42
0.77
4.10
2.53
6.20
0.84
-2.42
0.88
0.90
0.93
0.73
0.81
4.57
-2.55
0.90
0.88
4.32
-3.94
8.67
3.89
-2.42
6.20
0.77
0.84
0.80
7.73
-2.42
3.89
2.53
2.29
0.88
4.10
0.77
6.20
9.16
2.53
6.97
0.85
4.32
-2.42
-10.21
8.17
9.67
-2.42
10.24
0.93
-7.10
4.10
10.52
0.80
3.89
-4.15
0.80
0.88
0.76
0.84
0.88
2.68
-5.67
-4.15
0.80
-2.42
2.41
-7.89
0.76
0.77
5.57
-2.30
0.85
0.81
4.32
2.84
-10.21
5.87
0.88
0.77
4.10
2.18
8.71
0.88
0.81
9.67
7.73
6.20
-2.55
11.23
0.81
-2.30
4.57
2.41
6.57
9.54
13.64
-4.39
0.88
12.39
2.68
6.20
0.84
2.53
4.32
2.68
-3.94
6.97
2.53
-2.30
-4.39
5.87
0.73
4.10
0.81
-2.86
3.89
5.87
-6.32
2.53
4.32
4.32
5.87
2.41
6.64
0.77
-4.15
-2.42
-4.65
-4.15
0.77
2.53
3.89
-6.32
3.71
0.84
0.76
0.80
-6.32
5.87
2.53
2.41
8.17
0.88
0.84
-4.39
2.41
13.8
-4.39
7.73
5.57
-4.15
3.2
-5.98
0.77
0.84
0.88
3.89
0.99
0.85
-2.19
2.41
4.10
2.68
6.97
0.85
5.31
0.84
0.80
-3.75
5.87
0.77
5.87
0.93
10.52
8.17
5.57
-2.42
0.93
2.53
0.84
0.84
6.57
-5.98
-2.42
2.41
0.84
4.57
0.69
-2.42
0.77
7.33
8.71
-3.94
0.88
4.10
0.77
2.53
-2.30
0.84
-6.32
5.87
-3.94
2.53
7.73
4.10
2.53
2.53
4.10
0.88
-7.47
-6.32
-3.94
-2.42
4.57
-2.42
-3.94
0.76
4.10
6.97
0.81
6.20
-9.89
0.88
3.71
-4.39
-2.30
2.68
2.41
-4.15
3.89
-10.49
2.68
-2.42
2.9
0.88
3.89
-4.39
2.53
2.29
4.32
4.32
0.84
5.57
5.57
-2.30
0.80
4.32
0.88
7.73
3.54
5.87
-2.42
4.10
0.80
2.84
4.10
5.87
4.10
5.31
0.80
-3.94
7.73
5.57
8.17
4.32
2.68
9.16
-2.55
9.16
5.87
13.8
-2.70
-6.32
-4.39
0.81
-2.30
0.80
9.16
2.29
3.71
0.84
2.53
5.57
0.84
0.81
4.10
-6.32
2.29
8.29
0.77
-2.42
6.64
2.41
-2.55
5.57
-2.42
0.88
2.53
7.33
8.17
-2.55
7.73
5.87
0.73
0.81
-2.42
9.16
2.53
5.31
0.84
4.57
2.68
3.89
5.31
4.57
9.16
0.77
8.71
5.31
-2.42
0.84
0.81
9.16
2.84
2.41
4.57
5.57
0.93
5.6
0.77
4.10
11.8
2.53
-3.94
6.97
8.67
6.64
0.84
-4.15
2.53
0.84
0.88
2.68
12.41
4.10
0.88
9.16
0.69
2.68
5.87
5.87
-5.39
0.84
-2.30
-3.94
0.88
0.76
0.81
4.57
8.17
5.6
-2.55
2.53
2.41
2.84
3.71
8.71
0.85
0.84
-7.89
-6.71
0.77
0.81
2.68
0.84
5.87
4.57
0.88
-9.36
0.73
2.53
-2.42
5.87
5.57
0.93
8.17
4.57
8.71
6.98
18.34
22.67
23.19
15.15
16.4
18.34
17.4
15.10
14.9
10.88
19.43
23.54
17.93
9.86
13.36
9.23
11.44
-2.42
-7.89
-10.93
-7.64
-17.52
-18.84
-25.44
-20.7
-25.44
-22.71
-28.26
-30.4
-43.36
-27.45
-21.45
-34.9
-32.68
-35.85
-40.10
-22.71
-23.86
-38.8
-34.9
-32.53
-40.10
-38.10
-43.36
-38.69
-41.53
-41.6
-45.99
-45.89
-31.95
-35.12
-39.22
-36.50
-43.56
-34.9
-43.14
-38.10
-46.17
-51.92
-35.12
-42.89
-46.8
-49.36
-46.30
-30.26
-42.61
-42.89
-45.99
-45.89
-45.89
-45.65
-36.50
-45.99
-41.6
-45.49
-53.74
-45.65
-36.64
-53.74
-50.31
-49.89
-56.42
-37.42
-55.38
-60.25
-61.40
-57.6
-50.8
-49.89
-49.47
-61.40
-56.99
-54.20
-58.38
-49.73
-50.90
-59.24
-61.40
-64.64
-50.8
-60.25
-74.95
-66.21
-62.39
-56.14
-61.44
-55.38
-69.20
-50.8
-61.40
-61.40
-63.54
-75.32
-57.64
-49.59
-68.42
-62.39
-50.31
-62.39
-59.76
-56.99
-49.89
-57.64
-75.32
-59.24
-57.64
-64.87
-74.95
-54.20
-56.14
-54.20
-78.24
-71.6
-54.20
-69.82
-57.6
-50.90
-66.43
-67.60
-49.73
-53.34
-66.21
-60.53
-49.89
-66.43
-57.64
-74.95
-60.25
-54.74
-73.26
-66.21
-63.54
-71.6
-69.20
-54.74
-68.42
-65.0
-73.22
-65.0
-71.6
-67.60
-62.39
-63.54
-68.30
-62.88
-59.24
-60.25
-61.44
-76.94
-74.95
-54.74
-64.87
-66.43
-71.41
-83.97
-74.95
-54.74
-61.44
-58.20
-73.26
-73.22
-73.20
-45.11
-63.54
-82.73
-61.40
-50.90
-58.38
-56.42
-50.31
-56.42
-49.89
-61.44
-63.54
-69.20
-58.38
-61.44
-54.74
-58.38
-53.74
-76.94
-69.20
-73.22
-55.38
-58.38
-62.39
-69.2
-59.76
-71.41
-53.74
-59.24
-69.20
-65.0
-56.99
-56.99
-63.54
-67.60
-54.74
-58.38
-65.0
-66.7
-52.67
-56.99
-67.60
-53.34
-52.98
-63.93
-50.57
-60.25
-67.60
-60.53
-69.20
-60.25
-61.40
-61.40
-53.34
-74.95
-65.0
-62.39
-62.39
-52.67
-69.82
-49.47
-45.65
-66.21
-71.6
-69.82
-63.54
-49.73
-67.60
-71.41
-69.82
-61.40
-65.0
-67.18
-57.6
-49.59
-66.43
-64.87
-62.39
-66.43
-59.24
-45.78
-57.64
-63.54
-50.90
-45.11
-69.82
-53.34
-73.22
-56.14
-53.74
-61.40
-69.82
-67.18
-67.60
-66.85
-49.89
-68.42
-66.21
-59.76
-49.73
-67.18
-66.7
-69.82
-69.82
-61.40
-75.87
-71.41
-54.20
-63.54
-73.18
-67.60
-73.22
-62.88
-67.60
-67.60
-57.6
-69.20
-60.25
-62.39
-66.21
-74.69
-68.42
-69.2
-54.74
-54.74
-74.95
-65.0
-80.61
-59.24
-61.40
-65.0
-53.74
-65.0
-57.64
-66.21
-59.24
-55.38
-59.24
-60.53
-65.0
-50.8
-53.34
-63.54
-66.21
-54.20
-55.92
-62.39
-69.82
-63.54
-66.21
-64.87
-58.38
-58.38
-63.54
-71.41
-76.36
-56.42
-80.35
-69.20
-67.18
-54.20
-62.39
-60.25
-66.43
-58.38
-80.61
-65.8
-60.53
-65.0
-73.22
-62.39
-65.0
-63.54
-45.49
-75.32
-54.74
-65.0
-54.74
-66.21
-63.54
-79.20
-73.26
-66.43
-64.87
-61.40
-62.39
-66.21
-59.24
-73.22
-61.40
-60.25
-71.6
-58.38
-54.74
-62.39
-64.87
-58.38
-62.39
-61.40
-61.40
-55.92
-65.0
-50.31
-57.6
-57.64
-45.65
-56.14
-61.44
-65.0
-56.99
-61.40
-68.42
-62.39
-54.20
-49.89
-59.24
-62.39
-53.34
-54.20
-62.98
-49.47
-71.41
-55.38
-54.20
-54.20
-71.65
-63.54
-70.55
-57.64
-66.21
-50.31
-68.42
-67.18
-54.20
-54.20
-56.99
-62.98
-60.53
-50.90
-58.38
-62.39
-65.0
-61.40
-50.8
-63.54
-49.59
-56.42
-67.60
-59.24
-61.44
-54.20
-62.39
-71.65
-64.87
-54.20
-61.44
-52.98
-71.41
-49.73
-60.25
-58.38
-60.25
-78.24
-59.24
-60.53
-66.21
-73.22
-73.20
-63.54
-62.98
-45.49
-57.64
-63.54
-53.74
-50.8
-71.41
-62.39
-49.73
-49.73
-45.78
-71.41
-62.39
-63.93
-69.82
-60.25
-63.54
-74.95
-55.92
-56.42
-50.31
-63.93
-50.57
-45.49
-58.38
-58.38
-61.40
-59.76
-62.39
-53.74
-54.20
-46.8
-49.59
-64.87
-45.89
-52.67
-49.73
-58.46
-59.24
-68.42
-62.39
-49.89
-52.98
-61.44
-62.39
-62.39
-62.39
-61.40
-45.32
-49.47
-44.86
-59.24
-65.0
-45.65
-53.74
-59.24
-49.47
-58.38
-67.60
-56.99
-58.46
-54.20
-56.42
-70.26
-63.54
-53.74
-71.41
-56.42
-56.99
-67.60
-66.21
-54.74
-53.74
-45.78
-68.42
-60.25
-50.8
-49.47
-71.6
-59.8
-55.38
-61.44
-68.42
-63.93
-49.36
-54.20
-62.39
-66.21
-67.18
-70.26
-59.8
-58.46
-69.2
-57.64
-54.74
-67.60
-63.54
-62.39
-57.64
-54.20
-59.76
-66.21
-59.76
-71.65
-62.39
-52.98
-57.64
-49.47
-61.40
-57.64
-58.38
-58.38
-45.11
-67.18
-50.8
-71.6
-60.53
-65.0
-68.42
-56.42
-65.0
-49.73
-71.41
-73.26
-62.39
-73.20
-63.54
-57.64
-45.65
-56.14
-76.94
-56.42
-55.38
-63.93
-65.8
-60.53
-58.38
-65.0
-61.44
-54.20
-66.43
-66.43
-60.25
-68.42
-58.38
-55.38
-68.42
-61.40
-45.65
-59.76
-59.76
-56.14
-56.99
-54.20
-57.64
-61.40
-49.89
-60.25
-55.38
-50.57
-53.74
-69.20
-49.59
-62.39
-62.14
-62.98
-62.98
-49.36
-61.40
-57.64
-57.64
-67.60
-67.60
-56.42
-54.20
-59.24
-61.40
-63.54
-63.54
-62.39
-62.98
-63.93
-68.42
-61.40
-49.73
-56.99
-53.74
-66.21
-55.38
-59.76
-59.24
-52.98
-59.8
-57.64
-54.20
-50.8
-62.39
-69.20
-69.82
-63.93
-61.44
-65.0
-58.38
-49.89
-58.38
-58.38
-49.73
-71.41
-66.7
-60.53
-63.54
-56.99
-64.87
-69.20
-56.42
-73.20
-57.64
-71.41
-60.53
-63.54
-74.95
-63.54
-53.74
-66.43
-49.73
-61.44
-71.65
-69.82
-45.49
-59.76
-53.74
-59.24
-61.38
-63.93
-66.43
-66.21
-56.42
-53.74
-74.95
-45.49
-77.75
-66.21
-68.42
-60.53
-59.24
-50.8
-60.53
-55.38
-66.21
-64.87
-49.73
-54.74
-59.76
-45.11
-62.39
-60.25
-49.59
-54.20
-66.21
-62.39
-57.64
-66.21
-53.74
-63.54
-49.89
-57.6
-61.40
-69.82
-49.73
-64.87
-59.24
-52.67
-55.38
-67.60
-73.22
-61.40
-55.47
-63.93
-66.21
-62.39
-53.74
-50.31
-57.64
-57.64
-52.39
-49.59
-69.20
-49.59
-53.74
-66.21
-59.8
-45.65
-68.42
-58.38
-50.31
-53.74
-53.74
-61.40
-55.38
-61.38
-49.73
-53.74
-63.93
-64.87
-78.24
-56.42
-61.44
-57.64
-49.59
-67.60
-56.99
-66.21
-54.20
-50.8
-60.53
-52.98
-67.60
-54.20
-67.18
-71.41
-58.38
-65.0
-53.34
-54.74
-45.89
-54.74
-61.40
-62.14
-66.7
-59.76
-63.54
-61.40
-45.65
-50.8
-57.64
-49.73
-59.24
-57.64
-53.74
-56.99
-53.34
-63.54
-56.99
-59.24
-59.24
-57.64
-36.64
-49.47
-52.67
-66.85
-56.99
-54.74
-58.38
-58.20