-40.51
-60.53
-33.36
-15.73
-40.51
-35.73
-40.51
-56.99
-41.6
-45.49
-42.29
-32.29
-59.24
-24.70
-45.32
-41.6
-39.86
-55.38
-40.51
-45.32
-36.64
-30.57
-37.42
-59.24
-50.8
-44.55
-49.89
-45.49
-40.51
-50.57
-20.7
-49.89
-28.5
-49.73
-17.64
-42.61
-41.53
-35.73
-49.73
-60.25
-50.31
-34.66
-29.91
-59.24
-26.50
-44.55
-41.94
-40.51
-49.73
-53.74
-35.73
-40.51
-59.24
-50.8
-45.11
-45.49
-39.9
-49.59
-39.86
-54.20
-29.58
-54.20
-40.51
-59.24
-59.24
-50.57
-31.4
-34.66
-49.89
-45.49
-45.32
-31.83
-45.32
-39.9
-39.86
-15.73
-45.65
-18.4
-45.49
-40.51
-44.16
-53.74
-39.86
-37.42
-49.59
-53.74
-50.57
-56.14
-45.32
-36.64
-44.86
-57.64
-30.57
-50.57
-39.86
-41.6
-39.86
-27.85
-62.88
-39.86
-45.11
-35.73
-50.31
-29.91
-37.42
-45.32
-27.85
-33.38
-39.86
-31.4
-44.55
-25.55
-33.36
-45.99
-50.8
-45.11
-35.73
-38.14
-45.65
-43.0
-40.51
-50.8
-60.53
-61.44
-44.55
-41.6
-50.8
-55.38
-31.4
-54.74
-45.65
-39.86
-39.9
-49.89
-28.5
-53.34
-57.64
-39.9
-49.47
-39.86
-56.14
-40.51
-59.24
-45.11
-45.32
-45.49
-50.31
-49.89
-28.5
-34.66
-34.30
-41.53
-44.86
-20.7
-56.14
-34.66
-24.70
-27.85
-61.44
-41.6
-54.74
-53.34
-41.6
-31.4
-59.24
-50.57
-54.20
-45.32
-31.83
-49.89
-41.53
-45.11
-39.86
-54.74
-40.51
-50.31
-40.51
-31.4
-32.29
-34.66
-50.8
-45.49
-36.64
-31.83
-40.51
-29.91
-33.43
-41.53
-40.51
-45.11
-26.50
-38.14
-32.29
-20.7
-45.78
-50.31
-44.86
-45.32
-35.73
-27.85
-40.51
-40.51
-44.55
-28.5
-49.73
-31.4
-24.70
-41.6
-49.73
-50.8
-55.38
-38.10
-40.51
-45.11
-40.51
-44.86
-49.89
-56.14
-53.74
-39.86
-45.49
-45.32
-44.55
-36.64
-49.73
-54.74
-50.8
-45.32
-37.42
-45.49
-40.51
-49.89
-17.64
-38.10
-50.31
-59.24
-68.42
-57.64
-56.14
-49.73
-44.86
-20.7
-41.6
-50.57
-50.31
-49.47
-45.32
-49.89
-44.55
-50.8
-35.73
-54.20
-54.74
-36.64
-45.49
-39.86
-33.36
-38.10
-45.11
-41.94
-34.66
-49.73
-34.66
-40.51
-35.73
-49.59
-41.94
-58.38
-44.55
-29.58
-49.59
-40.51
-45.78
-40.51
-35.73
-49.89
-45.89
-33.38
-33.38
-41.53
-41.53
-49.36
-50.57
-40.51
-45.11
-39.86
-50.8
-45.65
-36.64
-66.21
-29.58
-45.11
-40.51
-45.11
-17.5
-27.85
-41.53
-45.65
-50.57
-39.9
-45.32
-71.6
-41.94
-49.47
-35.44
-50.8
-36.64
-45.65
-50.57
-50.31
-45.65
-49.89
-41.6
-34.66
-49.89
-54.20
-45.65
-62.39
-44.86
-45.89
-54.74
-49.89
-25.55
-57.64
-44.86
-45.32
-38.10
-54.20
-31.4
-55.38
-45.49
-42.29
-44.86
-45.78
-41.53
-45.65
-53.34
-70.55
-41.6
-45.78
-41.53
-41.94
-39.86
-29.91
-42.29
-25.77
-73.22
-50.57
-34.66
-55.38
-45.11
-31.4
-29.58
-35.73
-35.73
-49.89
-45.11
-28.5
-22.16
-34.30
-45.32
-45.11
-41.53
-45.49
-50.31
-39.86
-41.6
-35.73
-35.73
-59.24
-41.6
-25.77
-53.74
-39.9
-59.76
-31.4
-50.31
-49.73
-24.70
-49.59
-36.64
-50.31
-45.11
-49.59
-45.65
-35.73
-41.6
-45.32
-45.65
-45.11
-33.36
-39.86
-41.53
-41.53
-50.8
-50.8
-61.44
-54.74
-49.59
-54.74
-49.73
-45.65
-45.49
-40.51
-34.30
-49.47
-45.49
-45.49
-45.49
-40.51
-45.32
-56.14
-49.89
-32.29
-40.51
-34.30
-59.24
-52.67
-49.89
-63.54
-54.74
-28.5
-45.32
-41.6
-35.73
-34.30
-40.51
-54.74
-42.29
-50.8
-53.74
-40.51
-63.54
-41.94
-49.89
-49.73
-49.89
-41.6
-45.49
-49.59
-41.6
-35.73
-50.57
-29.40
-41.6
-54.74
-37.42
-49.73
-45.32
-35.85
-50.8
-50.8
-49.89
-44.86
-54.74
-49.36
-45.78
-39.9
-29.91
-38.14
-66.43
-41.6
-35.73
-59.24
-44.16
-41.6
-32.29
-41.53
-33.36
-41.6
-41.6
-41.6
-50.57
-45.65
-27.85
-34.66
-41.94
-41.53
-38.14
-36.64
-33.38
-26.50
-35.73
-73.22
-39.86
-60.25
-45.32
-60.25
-59.24
-33.38
-38.10
-40.51
-41.6
-38.10
-39.9
-45.32
-50.57
-60.25
-36.95
-27.85
-36.64
-38.69
-55.38
-33.36
-45.11
-50.90
-45.11
-45.32
-49.73
-41.6
-49.73
-40.51
-40.51
-29.58
-45.11
-29.58
-39.86
-36.64
-32.29
-27.85
-39.86
-38.69
-50.8
-30.57
-45.11
-56.99
-41.6
-50.31
-34.30
-50.8
-38.10
-36.95
-40.51
-39.86
-49.73
-34.66
-50.57
-31.4
-41.53
-45.11
-50.31
-50.8
-62.39
-34.66
-45.49
-45.65
-49.59
-50.31
-39.86
-50.31
-45.65
-54.74
-49.89
-44.86
-27.48
-60.25
-50.31
-38.14
-60.25
-70.55
-94.48
-61.55
-30.64
-51.84
-87.55
-73.41
-78.51
-113.82
-104.52
-111.63
-132.65
-113.44
-122.67
-158.22
-158.22
-167.76
-147.83
-167.76
-177.12
-164.27
-167.73
-161.34
-171.65
177.61
-166.21
-171.65
178.15
-169.40
-161.34
178.15
-157.25
178.15
-159.4
-166.21
-174.70
178.34
-178.16
-166.21
-163.47
-174.70
-156.9
171.7
-178.16
-174.3
171.7
174.27
-175.24
178.34
169.95
-167.76
-166.21
-174.70
152.22
177.91
-165.16
-178.52
-170.66
177.20
-174.70
172.71
-173.15
169.95
-170.66
173.49
-177.91
-167.73
177.61
-178.36
162.35
-170.66
165.17
157.45
168.50
159.94
172.46
168.50
-178.16
-173.15
155.34
-169.40
171.7
166.58
171.97
176.61
168.50
-161.34
169.1
169.95
169.95
-166.21
174.27
167.7
165.17
-161.34
172.46
-167.76
166.90
-178.36
-171.98
174.88
148.29
172.46
-174.3
166.58
159.97
-170.66
172.71
166.90
159.94
178.15
138.31
-178.16
-163.47
174.88
-169.40
157.45
168.50
-173.15
171.7
178.15
165.17
173.49
169.38
159.94
177.20
154.29
177.20
166.58
173.49
176.61
-169.40
178.15
-178.16
168.27
162.35
161.95
162.94
166.90
168.50
-161.34
-173.15
173.49
-173.15
177.20
-164.27
178.34
-167.76
173.49
172.46
-164.27
-178.16
-177.58
165.17
-177.91
143.23
159.95
177.20
-170.66
159.94
148.29
168.27
-170.66
178.34
-167.76
178.15
177.61
-167.76
-178.16
162.35
-177.58
169.95
159.94
162.94
-175.68
177.61
166.90
-167.76
-178.36
-170.66
166.90
172.46
-171.98
165.17
165.17
-178.16
-174.3
-173.15
168.50
172.71
174.27
-178.36
-173.15
168.50
178.15
164.26
154.29
164.26
169.95
162.35
178.15
-170.66
164.26
174.27
163.91
155.34
171.7
169.95
174.88
166.90
-174.3
-174.3
163.91
172.46
-178.52
-178.16
166.90
174.88
168.50
-177.91
169.95
171.7
-177.12
178.15
176.61
174.88
177.61
177.91
168.50
-177.91
-167.76
171.5
163.91
-167.76
169.95
171.5
166.90
-173.15
171.7
-166.55
168.50
173.49
177.61
172.46
166.90
172.46
-156.77
159.95
169.1
166.90
-169.40
177.61
166.90
172.71
177.91
162.94
169.95
-178.16
163.91
-178.16
-171.98
-173.15
174.27
-173.15
172.46
-177.58
-167.73
173.49
-178.16
176.61
168.50
-170.66
174.27
174.27
-166.21
171.5
177.61
162.35
175.38
177.20
157.87
159.94
-161.34
157.45
-177.58
-178.16
169.95
174.27
168.27
-177.58
161.95
171.97
178.15
173.49
177.20
173.49
-178.36
161.95
-177.91
-177.91
-174.70
171.7
169.95
-177.58
171.7
164.26
165.17
169.95
-167.73
166.90
177.91
165.17
-167.76
166.58
-178.16
166.90
174.27
165.17
169.95
174.27
-164.27
169.95
165.17
-173.15
168.27
173.49
169.95
148.29
148.29
165.17
-177.91
169.95
162.35
162.35
169.95
174.88
177.91
178.15
155.34
-166.21
162.94
174.88
-173.15
159.94
174.27
-177.91
-178.16
177.91
168.27
159.95
173.49
161.95
172.46
177.91
178.15
-173.15
178.15
-175.24
173.49
162.35
178.15
-177.12
162.94
165.17
-165.16
164.26
178.15
157.87
162.94
-178.16
-177.91
-177.91
-168.95
174.27
-169.40
169.1
-177.91
-164.27
-173.15
173.49
-174.3
178.15
-177.91
-177.58
169.95
169.95
-177.91
-176.45
178.15
177.91
169.38
169.95
173.49
162.94
165.17
165.17
171.5
162.35
-174.70
177.61
173.49
-177.91
-178.65
168.27
-164.27
172.46
-177.91
165.17
-166.21
-175.24
171.7
162.94
-161.34
159.94
-177.12
152.1
162.94
-173.15
157.87
164.26
173.49
-177.58
172.46
-163.47
164.26
168.50
168.27
-164.27
178.34
172.71
-177.58
168.50
-173.15
168.27
178.49
-170.66
-175.24
-174.3
169.95
-174.70
156.6
165.17
-175.24
165.17
-174.70
171.97
177.20
177.61
166.58
173.49
-177.91
165.17
-167.76
173.49
171.97
172.46
177.20
165.80
-178.16
-173.15
-158.87
-178.16
-174.70
-171.98
176.61
174.27
166.90
-171.98
-171.98
166.58
164.26
169.95
-174.70
174.88
174.27
177.91
161.95
-167.73
161.95
168.27
177.91
174.27
177.20
152.22
178.34
172.46
178.15
173.49
172.46
177.91
162.35
177.20
174.27
171.5
164.26
174.27
-174.3
-171.98
174.27
-155.4
169.95
161.95
171.97
-174.3
166.58
148.29
157.45
-178.16
177.91
172.46
177.91
169.95
168.50
166.90
-177.12
174.27
166.58
174.88
-171.98
166.90
177.91
172.46
171.97
174.27
156.82
178.15
-175.24
-177.91
174.88
150.20
-174.3
177.91
174.88
169.38
153.55
174.27
-161.10
175.38
-174.3
171.7
-177.58
-162.35
-176.45
-161.71
-174.70
-171.65
-164.27
-171.65
-163.47
-177.91
-167.76
-155.4
-167.76
-177.12
-177.12
-162.35
-138.63
-158.22
-105.37
-118.13
-115.60
-126.68
-98.51
-92.33
-120.62
-87.98
-98.51
-92.77
-91.76
-66.85
-82.83
-87.98
-70.55
-87.55
-87.98
-76.77
-76.77
-50.57
-51.84
-81.80
-51.84
-39.86
-66.85
-44.16
-62.88
-55.38
-43.66
-50.57
-66.43
-45.32
-45.11
-61.44
-18.4
-45.49
-61.44
-64.64
-34.30
-50.31
-34.66
-64.87
-41.6
-71.41
-34.66
-26.50
-35.73
-54.20
-36.64
-58.38
-59.24
-22.59
-45.49
-49.89
-25.77
-56.14
-53.34
-36.64
-57.6
-49.73
-40.51
-31.61
-50.90
-61.55
-50.31
-39.9
-49.89
-26.50
-49.73
-54.74
-29.58
-50.90
-39.9
-31.83
-43.0
-25.77
-31.4
-45.32
-59.24
-55.38
-33.36
-26.50
-39.9
-54.20
-53.74
-22.59
-50.8
-56.14
-45.11
-44.86
-45.49
-41.6
-37.42
-45.65
-35.73
-35.73
-39.86
-45.11
-44.55
-49.73
-45.32
-49.89
-58.38
-45.32
-50.8
-50.90
-31.61
-37.42
-39.9
-35.73
-39.86
-58.20
-35.73
-17.5
-50.90
-57.6
-54.20
-45.65
-39.86
-49.89
-29.58
-53.74
-33.36
-49.73
-31.4
-49.89
-20.7
-39.86
-56.14
-36.64
-36.64
-45.11
-54.20
-38.14
-29.58
-41.6
-56.14
-45.65
-32.29
-50.31
-29.58
-38.69
-45.49
-44.86
-36.64
-38.14
-45.32
-34.66
-34.66
-44.86
-35.73
-41.6
-56.14
-44.86
-50.31
-39.9
-39.9
-44.86
-45.65
-44.86
-45.11
-45.32
-54.20
-45.32
-45.89
-45.49
-34.66
-49.89
-27.85
-49.59
-50.31
-40.51
-34.66
-31.83
-45.65
-49.47
-40.51
-45.49
-50.31
-49.47
-39.86
-49.59
-50.90
-28.5
-28.5
-45.65
-30.57
-39.86
-41.94
-56.14
-44.86
-56.14
-35.73
-49.73
-50.31
-66.21
-52.98
-54.20
-44.86
-51.31
-29.40
-40.51
-44.86
-51.84
-50.57
-45.11
-41.53
-35.73
-29.58
-44.55
-31.4
-39.86
-45.78
-50.8
-36.95
-56.14
-36.64
-39.86
-33.38
-45.32
-56.14
-50.31
-37.42
-41.53
-45.49
-22.59
-39.9
-45.78
-45.65
-44.16
-36.64
-24.70
-39.9
-34.66
-29.40
-38.10
-35.73
-27.85
-44.86
-50.57
-31.4
-41.53
-40.51
-37.42
-44.86
-45.32
-31.83
-50.8
-33.38
-49.89
-39.9
-27.85
-41.53
-50.31
-50.57
-50.57
-44.86
-50.57
-54.74
-45.11
-45.49
-15.73
-29.91
-27.85
-27.85
-40.51
-58.20
-50.31
-45.32
-45.78
-36.64
-42.29
-50.8
-49.89
-45.32
-28.5
-36.64
-56.14
-41.53
-39.86
-45.65
-40.51
-45.32
-39.86
-49.89
-50.57
-32.29
-25.55
-45.11
-44.55
-45.11
-40.51
-45.49
-45.49
-33.38
-50.57
-49.73
-54.74
-50.90
-45.11
-45.49
-50.31
-35.73
-38.10
-54.74
-50.57
-50.8
-34.66
-24.70
-41.53
-45.11
-56.42
-33.36
-41.53
-34.30
-33.38
-41.94
-45.78
-40.51
-29.58
-44.86
-49.59
-42.29
-44.55
-36.64
-49.89
-64.64
-45.11
-53.74
-34.66
-58.38
-29.58
-39.86
-34.66
-29.91
-35.73
-45.11
-58.38
-44.55
-50.90
-50.31
-45.32
-41.53
-37.42
-45.32
-56.14
-50.8
-53.74
-44.55
-39.9
-49.89
-44.86
-35.73
-36.64
-33.38
-45.78
-34.66
-24.70
-44.86
-44.55
-20.7
-45.65
-61.44
-54.74
-50.90
-23.23
-22.16
-45.11
-34.66
-31.83
-57.6
-66.85
-45.65
-40.51
-49.89
-56.14
-41.53
-50.31
-33.38
-33.38
-50.31
-39.9
-40.51
-53.34
-35.73
-41.53
-45.11
-41.6
-45.78
-29.58
-41.6
-55.38
-40.51
-50.90
-35.73
-26.50
-54.74
-41.6
-45.49
-50.90
-35.73
-34.66
-49.47
-54.74
-26.50
-24.70
-29.58
-59.24
-58.38
-39.9
-41.6
-40.51
-45.11
-45.32
-44.55
-45.65
-49.89
-32.29
-45.65
-39.86
-45.32
-23.97
-60.25
-45.49
-55.38
-49.89
-45.11
-45.32
-41.6
-45.49
-55.92
-50.57
-31.4
-45.11
-25.77
-49.89
-20.7
-50.8
-45.65
-41.53
-49.47
-36.64
-52.98
-37.42
-41.6
-39.9
-23.97
-36.64
-37.42
-39.86
-29.58
-44.16
-45.32
-45.11
-22.59
-50.8
-50.57
-45.65
-49.89
-45.32
-41.6
-45.11
-56.14
-32.29
-22.59
-31.83
-45.11
-35.12
-36.64
-39.86
-45.65
-26.50
-37.42
-54.20
-41.6
-33.38
-26.50
-34.30
-53.74
-45.49
-22.59
-53.34
-50.31
-29.58
-35.73
-45.32
-26.94
-34.30
-44.55
-44.55
-53.34
-40.51
-44.16
-36.64
-49.89
-26.50
-24.70
-45.32
-54.20
-34.66
-50.8
-49.59
-41.6
-41.53
-35.73
-49.89
-40.51
-45.65
-35.73
-45.65
-45.11
-49.89
-38.10
-66.85
-34.66
-64.87
-39.86
-34.66
-40.51
-41.6
-64.64
-40.51
-44.16
-36.64
-34.66
-44.86
-36.64
-41.6
-23.97
-49.59
-54.20
-68.30
-41.6
-41.6
-41.6
-53.74
-35.73
-56.14
-39.9
-45.32
-34.66
-31