LSM_raw: 	-0.06	-0.41	9.73	-0.00	-0.01	0.01	10.23	6.23	20.93
LSM_raw: 	-0.05	-0.39	9.68	-0.00	0.00	0.01	10.23	6.23	21.33
LSM_raw: 	-0.10	-0.46	9.59	0.01	0.00	0.01	10.30	6.21	21.33
LSM_raw: 	-0.07	-0.56	10.07	-0.04	0.01	0.02	10.33	6.30	21.63
LSM_raw: 	-0.08	-0.23	9.49	-0.02	0.01	0.03	10.17	6.29	20.96
LSM_raw: 	-0.04	-0.35	9.81	0.02	0.01	0.00	10.23	6.09	20.96
LSM_raw: 	-0.06	-0.42	9.62	0.03	-0.01	0.01	10.23	6.09	20.57
LSM_raw: 	-0.03	-0.41	9.69	-0.02	0.00	0.00	10.23	6.13	20.57
LSM_raw: 	-0.04	-0.41	9.86	-0.01	-0.00	0.02	10.33	6.22	20.55
LSM_raw: 	-0.05	-0.32	9.44	0.01	-0.00	0.01	10.22	6.21	20.97
LSM_raw: 	-0.02	-0.39	9.88	0.00	0.00	0.00	10.23	6.24	21.01
LSM_raw: 	-0.03	-0.38	9.64	0.02	-0.01	-0.00	10.23	6.13	20.36
LSM_raw: 	-0.04	-0.47	9.69	-0.00	0.00	0.01	10.20	6.13	20.36
LSM_raw: 	-0.07	-0.39	9.78	0.02	0.00	0.01	10.26	6.21	21.41
LSM_raw: 	-0.04	-0.39	9.68	-0.00	0.00	0.03	10.10	6.22	21.03
LSM_raw: 	-0.06	-0.43	9.75	0.01	-0.01	0.01	10.19	6.18	20.90
LSM_raw: 	-0.02	-0.37	9.75	-0.01	-0.01	-0.00	10.19	6.17	20.30
LSM_raw: 	-0.05	-0.44	9.68	0.01	-0.01	-0.00	10.19	6.17	20.30
LSM_raw: 	-0.03	-0.35	9.67	-0.00	0.01	0.01	10.23	6.22	20.50
LSM_raw: 	-0.06	-0.43	9.84	0.00	-0.01	0.01	10.30	6.13	21.00
LSM_raw: 	-0.05	-0.37	9.69	-0.00	0.01	0.01	10.26	6.17	20.86
LSM_raw: 	-0.03	-0.44	9.81	-0.01	-0.00	0.01	10.29	6.28	20.43
LSM_raw: 	-0.06	-0.41	9.64	0.01	0.00	0.01	10.29	6.28	20.43
LSM_raw: 	-0.07	-0.40	9.67	-0.00	0.01	0.01	10.27	6.13	20.47
LSM_raw: 	-0.07	-0.42	9.74	0.00	-0.00	0.02	10.22	6.20	20.89
LSM_raw: 	-0.04	-0.42	9.69	-0.01	-0.01	0.01	10.17	6.17	20.92
LSM_raw: 	-0.02	-0.41	9.77	-0.00	-0.01	0.00	10.24	6.21	20.54
LSM_raw: 	-0.03	-0.40	9.69	-0.00	0.00	0.01	10.24	6.21	20.54
LSM_raw: 	-0.03	-0.39	9.71	0.00	0.01	0.02	10.36	6.22	21.05
LSM_raw: 	-0.01	-0.39	9.72	-0.00	-0.01	0.01	10.25	6.16	20.78
LSM_raw: 	-0.05	-0.41	9.74	-0.00	0.00	0.01	10.26	6.27	20.90
LSM_raw: 	-0.05	-0.41	9.70	0.01	0.01	0.02	10.25	6.21	20.92
LSM_raw: 	-0.07	-0.40	9.73	-0.01	0.00	-0.00	10.25	6.21	20.92
LSM_raw: 	-0.08	-0.40	9.73	-0.00	0.01	0.01	10.35	6.19	20.91
LSM_raw: 	-0.05	-0.40	9.73	-0.00	-0.00	0.01	10.33	6.21	20.86
LSM_raw: 	-0.04	-0.38	9.72	0.00	0.00	0.02	10.24	6.05	20.86
LSM_raw: 	-0.01	-0.41	9.69	0.00	-0.01	0.00	10.19	6.20	20.95
LSM_raw: 	0.00	-0.41	9.72	-0.01	0.00	0.01	10.19	6.20	20.95
LSM_raw: 	-0.04	-0.40	9.75	0.00	-0.00	0.01	10.26	6.29	21.19
LSM_raw: 	-0.05	-0.41	9.73	0.01	-0.00	0.01	10.22	6.27	20.92
LSM_raw: 	-0.07	-0.39	9.71	0.01	0.01	0.01	10.31	6.29	20.92
LSM_raw: 	-0.06	-0.41	9.70	0.00	-0.01	0.01	10.18	6.23	20.79
LSM_raw: 	-0.07	-0.39	9.72	-0.00	-0.00	0.01	10.18	6.23	20.79
LSM_raw: 	-0.05	-0.40	9.71	0.00	-0.00	0.01	10.24	6.17	21.05
LSM_raw: 	-0.04	-0.39	9.73	0.00	-0.00	0.01	10.36	6.15	20.84
LSM_raw: 	-0.05	-0.41	9.70	-0.01	-0.00	0.02	10.23	6.24	20.69
LSM_raw: 	-0.04	-0.40	9.73	0.00	0.00	0.01	10.23	6.24	20.46
LSM_raw: 	-0.04	-0.40	9.74	0.01	-0.00	0.02	10.23	6.24	20.46
LSM_raw: 	-0.05	-0.40	9.74	0.01	-0.00	0.01	10.24	6.20	21.08
LSM_raw: 	-0.07	-0.40	9.74	0.00	0.01	-0.00	10.27	6.20	20.81
LSM_raw: 	-0.04	-0.42	9.72	-0.00	0.01	0.01	10.21	6.28	20.84
LSM_raw: 	-0.07	-0.38	9.69	0.01	0.00	0.01	10.27	6.24	20.50
LSM_raw: 	-0.05	-0.41	9.68	0.02	0.01	0.01	10.27	6.24	20.50
LSM_raw: 	-0.03	-0.41	9.72	0.00	-0.00	0.02	10.31	6.21	21.08
LSM_raw: 	-0.05	-0.40	9.71	0.01	0.01	0.01	10.25	6.27	20.86
LSM_raw: 	-0.03	-0.41	9.73	0.01	0.00	0.01	10.19	6.14	20.74
LSM_raw: 	-0.05	-0.38	9.68	0.01	0.01	0.01	10.19	6.14	20.74
LSM_raw: 	-0.04	-0.41	9.69	0.00	0.00	0.01	10.23	6.25	20.88
LSM_raw: 	-0.04	-0.41	9.71	0.01	0.01	0.01	10.32	6.13	21.00
LSM_raw: 	-0.06	-0.41	9.72	0.00	-0.00	0.01	10.33	6.31	20.89
LSM_raw: 	-0.05	-0.41	9.77	-0.00	0.01	0.02	10.17	6.13	20.76
LSM_raw: 	-0.03	-0.42	9.69	-0.01	-0.00	0.02	10.17	6.13	20.76
LSM_raw: 	-0.06	-0.38	9.72	-0.00	0.00	0.01	10.27	6.20	20.38
LSM_raw: 	-0.05	-0.41	9.71	-0.00	0.00	0.01	10.39	6.09	21.36
LSM_raw: 	-0.05	-0.41	9.73	-0.00	0.01	0.02	10.27	6.24	20.80
LSM_raw: 	-0.04	-0.39	9.74	-0.00	-0.00	0.01	10.35	6.16	20.83
LSM_raw: 	-0.04	-0.38	9.70	-0.01	-0.00	0.01	10.16	6.19	20.92
LSM_raw: 	-0.05	-0.39	9.69	-0.01	-0.00	0.01	10.16	6.19	20.92
LSM_raw: 	-0.04	-0.41	9.67	-0.00	0.01	0.01	10.39	6.09	20.93
LSM_raw: 	-0.05	-0.38	9.74	0.01	0.01	0.01	10.27	6.15	20.67
LSM_raw: 	-0.04	-0.41	9.75	-0.00	0.00	0.00	10.19	6.15	20.82
LSM_raw: 	-0.03	-0.40	9.71	0.00	0.00	-0.00	10.20	6.27	20.84
LSM_raw: 	-0.04	-0.41	9.74	0.00	-0.00	-0.02	10.20	6.27	20.84
LSM_raw: 	-0.05	-0.40	9.71	0.00	0.03	0.03	10.35	6.17	20.70
LSM_raw: 	-0.04	-0.40	9.72	-0.00	-0.00	0.02	10.26	6.17	20.88
LSM_raw: 	-0.04	-0.40	9.76	-0.00	-0.00	0.01	10.32	6.23	20.69
LSM_raw: 	-0.04	-0.40	9.70	-0.00	0.01	0.02	10.33	6.31	20.75
LSM_raw: 	-0.03	-0.42	9.75	-0.01	-0.00	0.01	10.33	6.31	20.75
LSM_raw: 	-0.07	-0.40	9.71	-0.01	-0.00	0.01	10.42	6.18	19.95
LSM_raw: 	-0.03	-0.40	9.72	0.02	-0.00	0.03	10.33	6.25	20.88
LSM_raw: 	-0.03	-0.38	9.72	-0.01	-0.01	0.02	10.34	6.15	20.80
LSM_raw: 	-0.06	-0.42	9.70	0.01	0.01	0.02	10.15	6.13	20.83
LSM_raw: 	-0.04	-0.39	9.71	-0.01	0.00	0.01	10.15	6.13	20.83
LSM_raw: 	-0.06	-0.40	9.72	-0.01	-0.00	0.01	10.30	6.38	20.80
LSM_raw: 	-0.05	-0.41	9.72	0.00	0.00	0.00	10.31	6.13	20.79
LSM_raw: 	-0.04	-0.41	9.72	0.01	0.01	0.02	10.22	6.20	20.75
LSM_raw: 	-0.05	-0.41	9.70	-0.00	0.00	-0.00	10.17	6.09	20.79
LSM_raw: 	-0.04	-0.40	9.72	-0.00	0.01	0.01	10.17	6.09	20.79
LSM_raw: 	-0.02	-0.42	9.71	0.01	-0.01	0.01	10.19	6.13	20.26
LSM_raw: 	-0.04	-0.41	9.73	-0.01	-0.00	0.01	10.28	6.20	20.82
LSM_raw: 	-0.05	-0.40	9.75	0.00	0.01	0.01	10.29	6.21	20.72
LSM_raw: 	-0.03	-0.41	9.73	-0.00	0.01	0.01	10.23	6.21	20.77
LSM_raw: 	-0.06	-0.38	9.68	-0.00	-0.01	0.01	10.23	6.21	20.77
LSM_raw: 	-0.05	-0.39	9.71	0.00	0.00	0.01	10.26	6.15	20.37
LSM_raw: 	-0.02	-0.42	9.68	-0.00	0.01	0.01	10.31	6.18	21.32
LSM_raw: 	-0.03	-0.39	9.72	-0.02	-0.01	0.01	10.22	6.02	20.67
LSM_raw: 	-0.04	-0.39	9.73	-0.01	-0.01	0.01	10.23	6.13	20.77
LSM_raw: 	-0.04	-0.41	9.68	-0.01	0.01	0.01	10.23	6.13	20.77
LSM_raw: 	-0.02	-0.41	9.68	0.01	0.00	0.01	10.30	6.11	21.45
LSM_raw: 	-0.04	-0.41	9.71	0.01	-0.00	0.03	10.35	6.13	20.57
LSM_raw: 	-0.04	-0.39	9.76	-0.01	0.01	-0.00	10.27	6.14	20.77
LSM_raw: 	-0.03	-0.40	9.72	-0.01	0.01	0.00	10.27	6.24	20.86
LSM_raw: 	-0.04	-0.39	9.66	-0.00	-0.01	-0.00	10.27	6.24	20.57
LSM_raw: 	-0.04	-0.39	9.70	-0.01	-0.01	-0.00	10.22	6.32	20.57
LSM_raw: 	-0.05	-0.39	9.74	-0.00	-0.00	0.00	10.35	6.15	21.07
LSM_raw: 	-0.04	-0.39	9.74	0.01	-0.00	0.01	10.15	6.13	20.70
LSM_raw: 	-0.05	-0.39	9.72	-0.00	0.00	0.02	10.21	6.19	20.74
LSM_raw: 	-0.04	-0.40	9.64	-0.00	-0.00	0.01	10.32	6.24	20.74
LSM_raw: 	-0.07	-0.40	9.66	0.00	0.00	0.01	10.32	6.24	20.74
LSM_raw: 	-0.03	-0.40	9.73	-0.01	0.00	0.00	10.22	6.17	21.17
LSM_raw: 	-0.03	-0.41	9.75	-0.01	0.01	0.00	10.15	6.17	20.79
LSM_raw: 	-0.03	-0.38	9.71	0.02	-0.01	0.00	10.19	6.03	20.88
LSM_raw: 	-0.04	-0.42	9.68	0.01	-0.00	0.01	10.19	6.18	20.48
LSM_raw: 	-0.04	-0.38	9.69	0.00	0.01	0.01	10.23	6.18	20.48
LSM_raw: 	-0.04	-0.39	9.73	-0.00	0.00	-0.00	10.41	6.17	21.10
LSM_raw: 	-0.04	-0.39	9.70	-0.00	0.00	0.01	10.30	6.22	21.05
LSM_raw: 	-0.04	-0.41	9.74	0.00	0.00	0.00	10.17	6.14	20.76
LSM_raw: 	-0.03	-0.41	9.70	-0.01	-0.00	0.01	10.18	6.05	20.96
LSM_raw: 	-0.05	-0.39	9.71	-0.00	-0.01	0.01	10.18	6.05	20.96
LSM_raw: 	-0.03	-0.38	9.71	0.00	0.00	0.01	10.32	6.12	21.03
LSM_raw: 	-0.05	-0.38	9.72	-0.00	0.01	0.02	10.28	6.13	20.64
LSM_raw: 	-0.02	-0.40	9.75	0.01	-0.00	0.02	10.23	6.13	20.85
LSM_raw: 	-0.03	-0.40	9.69	-0.01	-0.00	0.00	10.16	6.19	20.81
LSM_raw: 	-0.03	-0.41	9.70	0.01	0.00	0.01	10.16	6.19	20.81
LSM_raw: 	-0.05	-0.41	9.70	-0.02	0.01	0.01	10.21	6.15	21.19
LSM_raw: 	-0.04	-0.40	9.70	-0.00	0.00	0.00	10.31	6.05	20.73
LSM_raw: 	-0.05	-0.38	9.71	-0.01	0.00	0.00	10.19	6.22	20.78
LSM_raw: 	-0.04	-0.38	9.67	0.00	-0.02	0.01	10.25	6.14	21.29
LSM_raw: 	-0.07	-0.39	9.69	-0.00	0.01	0.01	10.25	6.14	21.29
LSM_raw: 	-0.06	-0.39	9.72	-0.01	-0.01	0.00	10.34	6.23	20.98
LSM_raw: 	-0.05	-0.39	9.72	-0.01	-0.01	0.00	10.19	6.14	20.93
LSM_raw: 	-0.05	-0.42	9.74	0.00	-0.00	0.00	10.18	6.15	20.92
LSM_raw: 	-0.02	-0.40	9.70	0.01	0.01	0.02	10.21	6.20	21.05
LSM_raw: 	-0.05	-0.41	9.69	-0.01	-0.00	0.01	10.21	6.20	21.05
LSM_raw: 	-0.05	-0.38	9.71	0.01	0.00	0.01	10.37	6.06	20.25
LSM_raw: 	-0.04	-0.39	9.71	0.01	-0.01	0.00	10.12	6.09	20.64
LSM_raw: 	-0.05	-0.40	9.70	-0.02	0.00	0.01	10.10	6.12	20.91
LSM_raw: 	-0.03	-0.40	9.68	-0.01	0.00	-0.00	10.17	6.10	20.58
LSM_raw: 	-0.04	-0.39	9.68	0.01	-0.00	0.01	10.17	6.10	20.58
LSM_raw: 	-0.04	-0.39	9.69	-0.00	0.00	0.01	10.20	6.29	20.23
LSM_raw: 	-0.08	-0.42	9.70	-0.01	-0.00	0.01	10.32	6.14	21.23
LSM_raw: 	-0.05	-0.41	9.72	-0.00	-0.00	0.01	10.22	6.09	20.92
LSM_raw: 	-0.05	-0.41	9.69	0.00	-0.00	0.01	10.16	6.12	20.79
LSM_raw: 	-0.04	-0.42	9.70	0.00	0.00	0.00	10.16	6.12	20.79
LSM_raw: 	-0.05	-0.42	9.71	-0.01	0.00	0.02	10.25	6.08	20.48
LSM_raw: 	-0.04	-0.40	9.67	-0.01	0.01	0.02	10.29	6.11	20.97
LSM_raw: 	-0.03	-0.40	9.70	-0.01	0.01	0.02	10.19	6.16	20.90
LSM_raw: 	-0.03	-0.40	9.69	-0.00	-0.00	-0.00	10.16	6.14	21.13
LSM_raw: 	-0.07	-0.39	9.69	-0.00	-0.01	0.01	10.16	6.14	21.13
LSM_raw: 	-0.06	-0.41	9.70	0.00	-0.01	0.01	10.33	6.17	21.38
LSM_raw: 	-0.06	-0.40	9.69	0.00	0.00	0.02	10.28	6.08	20.75
LSM_raw: 	-0.06	-0.40	9.72	-0.01	0.01	0.01	10.20	6.09	21.01
LSM_raw: 	-0.04	-0.39	9.70	0.00	-0.01	0.02	10.11	6.30	20.96
LSM_raw: 	-0.04	-0.40	9.70	-0.02	-0.00	0.01	10.11	6.30	20.96
LSM_raw: 	-0.06	-0.39	9.72	0.00	0.01	0.01	10.30	6.05	21.38
LSM_raw: 	-0.05	-0.41	9.72	-0.01	0.00	0.00	10.30	6.13	20.92
LSM_raw: 	-0.05	-0.41	9.70	-0.00	0.01	0.02	10.18	6.12	20.99
LSM_raw: 	-0.03	-0.40	9.68	0.01	-0.01	0.01	10.15	6.09	20.97
LSM_raw: 	-0.06	-0.40	9.71	-0.01	0.01	0.01	10.15	6.09	20.97
LSM_raw: 	-0.03	-0.39	9.69	0.00	0.00	0.01	10.31	6.17	20.94
LSM_raw: 	-0.06	-0.40	9.71	-0.00	0.00	0.00	10.23	6.07	21.05
LSM_raw: 	-0.04	-0.40	9.73	-0.01	0.00	0.01	10.25	6.03	21.09
LSM_raw: 	-0.05	-0.39	9.67	-0.01	0.01	0.03	10.10	6.14	21.01
LSM_raw: 	-0.07	-0.38	9.69	-0.01	-0.01	0.00	10.10	6.14	21.01
LSM_raw: 	-0.04	-0.40	9.69	0.01	-0.00	0.01	10.31	6.09	21.32
LSM_raw: 	-0.04	-0.38	9.70	-0.00	-0.00	0.01	10.23	6.27	21.16
LSM_raw: 	-0.02	-0.42	9.73	-0.00	-0.00	0.01	10.18	6.16	21.00
LSM_raw: 	-0.06	-0.40	9.67	-0.01	0.00	0.02	10.11	6.11	21.01
LSM_raw: 	-0.03	-0.40	9.71	0.00	0.01	0.01	10.11	6.11	21.01
LSM_raw: 	-0.05	-0.42	9.73	-0.00	-0.00	-0.00	10.16	6.14	20.48
LSM_raw: 	-0.05	-0.40	9.72	-0.01	-0.01	0.01	10.24	6.21	20.95
LSM_raw: 	-0.04	-0.41	9.73	0.02	0.00	0.02	10.16	6.17	21.10
LSM_raw: 	-0.05	-0.41	9.66	0.01	0.01	0.01	10.19	6.16	21.02
LSM_raw: 	-0.04	-0.40	9.69	-0.00	0.00	0.02	10.19	6.16	21.02
LSM_raw: 	-0.07	-0.40	9.69	0.00	-0.01	0.00	10.20	6.07	21.67
LSM_raw: 	-0.04	-0.41	9.73	0.01	0.01	0.01	10.21	6.05	21.67
LSM_raw: 	-0.04	-0.41	9.72	0.01	0.01	0.01	10.11	6.11	20.99
LSM_raw: 	-0.03	-0.42	9.71	0.00	-0.01	0.02	10.21	6.15	21.03
LSM_raw: 	-0.04	-0.41	9.70	0.01	-0.00	-0.00	10.21	6.15	21.03
LSM_raw: 	-0.05	-0.40	9.71	-0.00	-0.00	-0.00	10.24	6.16	21.22
LSM_raw: 	-0.05	-0.39	9.73	-0.01	0.01	0.01	10.20	6.00	20.74
LSM_raw: 	-0.07	-0.42	9.70	-0.01	-0.01	0.01	10.10	6.08	21.06
LSM_raw: 	-0.05	-0.41	9.69	-0.00	0.01	0.01	10.11	6.13	21.10
LSM_raw: 	-0.04	-0.40	9.69	0.00	-0.01	0.02	10.11	6.13	21.10
LSM_raw: 	-0.04	-0.41	9.69	0.00	-0.01	0.00	10.27	6.17	21.02
LSM_raw: 	-0.02	-0.41	9.69	-0.00	0.01	0.01	10.36	6.09	20.76
LSM_raw: 	-0.05	-0.41	9.74	0.01	-0.00	0.02	10.15	6.05	21.00
LSM_raw: 	-0.05	-0.41	9.72	-0.00	-0.00	0.01	10.08	5.97	21.09
LSM_raw: 	-0.05	-0.40	9.69	-0.01	0.00	-0.01	10.08	5.97	21.09
LSM_raw: 	-0.03	-0.40	9.70	0.01	0.01	0.02	10.18	6.08	20.74
LSM_raw: 	-0.06	-0.41	9.68	0.01	0.00	0.01	10.32	6.19	21.05
LSM_raw: 	-0.04	-0.39	9.73	0.02	-0.01	0.02	10.19	6.27	21.19
LSM_raw: 	-0.05	-0.39	9.73	-0.00	-0.00	0.01	10.12	6.15	21.03
LSM_raw: 	-0.05	-0.40	9.69	-0.00	-0.00	0.02	10.12	6.15	21.03
LSM_raw: 	-0.07	-0.42	9.72	-0.00	-0.00	0.01	10.21	6.21	21.34
LSM_raw: 	-0.03	-0.39	9.69	0.01	-0.01	0.01	10.29	6.18	20.63
LSM_raw: 	-0.04	-0.39	9.73	0.01	-0.00	0.02	10.31	6.27	21.01
LSM_raw: 	-0.04	-0.39	9.73	0.01	0.01	-0.00	10.19	6.24	20.94
LSM_raw: 	-0.04	-0.41	9.67	-0.01	0.01	0.00	10.19	6.24	20.94
LSM_raw: 	-0.04	-0.42	9.71	0.00	0.01	0.01	10.27	6.07	21.81
LSM_raw: 	-0.05	-0.39	9.70	-0.00	0.00	0.00	10.30	6.09	20.52
LSM_raw: 	-0.06	-0.39	9.73	-0.01	-0.01	0.01	10.26	6.17	20.88
LSM_raw: 	-0.05	-0.40	9.75	0.01	-0.01	0.00	10.24	6.27	21.01
LSM_raw: 	-0.06	-0.40	9.68	0.01	0.00	-0.01	10.24	6.27	21.01
LSM_raw: 	-0.03	-0.39	9.71	0.01	0.01	0.01	10.26	6.20	21.41
LSM_raw: 	-0.06	-0.40	9.71	-0.01	-0.02	0.01	10.29	6.28	21.45
LSM_raw: 	-0.05	-0.42	9.75	-0.00	0.01	0.02	10.19	6.26	21.01
LSM_raw: 	-0.06	-0.39	9.74	0.01	0.00	0.02	10.19	6.15	20.97
LSM_raw: 	-0.07	-0.41	9.70	0.00	0.01	0.02	10.19	6.15	20.97
LSM_raw: 	-0.05	-0.39	9.73	-0.01	-0.01	0.00	10.27	6.22	21.10
LSM_raw: 	-0.04	-0.42	9.68	0.01	0.00	0.01	10.47	6.17	21.87
LSM_raw: 	-0.06	-0.41	9.70	-0.01	0.00	0.01	10.22	6.24	21.00
LSM_raw: 	-0.04	-0.40	9.76	-0.01	-0.00	0.01	10.17	6.07	21.05
LSM_raw: 	-0.03	-0.42	9.65	-0.01	0.01	0.01	10.17	6.18	21.09
LSM_raw: 	-0.05	-0.41	9.72	0.00	0.00	0.01	10.27	6.18	21.09
LSM_raw: 	-0.04	-0.41	9.71	0.01	-0.00	0.02	10.36	6.11	21.40
LSM_raw: 	-0.02	-0.41	9.74	0.00	-0.01	0.01	10.25	6.20	20.94
LSM_raw: 	-0.05	-0.38	9.69	-0.00	0.01	0.00	10.30	6.08	20.90
LSM_raw: 	-0.04	-0.40	9.69	-0.00	-0.01	0.01	10.30	6.08	20.79
LSM_raw: 	-0.07	-0.41	9.73	-0.00	0.00	0.03	10.23	6.24	20.79
LSM_raw: 	-0.06	-0.42	9.69	0.00	-0.00	0.00	10.27	6.24	20.46
LSM_raw: 	-0.05	-0.40	9.71	-0.01	0.00	-0.00	10.30	6.14	20.95
LSM_raw: 	-0.05	-0.40	9.72	-0.02	0.00	0.02	10.23	6.32	21.01
LSM_raw: 	-0.05	-0.38	9.71	-0.01	0.01	0.00	10.23	6.18	21.42
LSM_raw: 	-0.04	-0.39	9.70	-0.00	0.01	0.01	10.26	6.18	21.42
LSM_raw: 	-0.07	-0.40	9.71	-0.00	-0.01	0.01	10.31	6.21	21.31
LSM_raw: 	-0.05	-0.38	9.69	0.02	-0.00	0.01	10.22	6.11	20.94
LSM_raw: 	-0.03	-0.38	9.72	0.01	0.01	0.01	10.19	6.24	20.99
LSM_raw: 	-0.05	-0.40	9.68	-0.01	0.00	0.01	10.19	6.24	21.02
LSM_raw: 	-0.04	-0.40	9.71	-0.01	0.02	0.02	10.24	6.24	21.02
LSM_raw: 	-0.06	-0.42	9.70	-0.00	0.00	0.01	10.29	6.07	21.21
LSM_raw: 	-0.05	-0.42	9.72	0.01	0.00	0.01	10.18	6.15	21.08
LSM_raw: 	-0.03	-0.41	9.68	-0.00	0.01	0.00	10.20	6.16	20.92
LSM_raw: 	-0.03	-0.41	9.71	0.01	-0.00	0.03	10.21	6.34	20.71
LSM_raw: 	-0.04	-0.40	9.70	0.01	-0.01	0.01	10.21	6.34	20.71
LSM_raw: 	-0.02	-0.40	9.69	0.00	-0.00	0.01	10.33	6.13	20.97
LSM_raw: 	-0.05	-0.40	9.72	0.01	0.00	0.01	10.30	6.10	21.33
LSM_raw: 	-0.05	-0.42	9.71	0.00	-0.00	0.02	10.19	6.21	21.02
LSM_raw: 	-0.04	-0.39	9.67	0.01	-0.00	0.01	10.11	6.13	20.24
LSM_raw: 	-0.02	-0.40	9.69	0.00	-0.02	0.01	10.11	6.13	20.24
LSM_raw: 	-0.04	-0.40	9.74	-0.00	0.01	0.01	10.28	6.18	20.71
LSM_raw: 	-0.04	-0.41	9.75	0.01	-0.00	0.01	10.28	6.31	20.97
LSM_raw: 	-0.04	-0.40	9.73	-0.00	0.00	0.00	10.16	6.17	20.97
LSM_raw: 	-0.02	-0.39	9.68	0.01	0.01	0.02	10.16	6.05	20.98
LSM_raw: 	-0.04	-0.41	9.67	0.00	-0.01	0.00	10.21	6.05	20.98
LSM_raw: 	-0.05	-0.41	9.68	-0.00	-0.00	0.01	10.24	6.04	20.69
LSM_raw: 	-0.04	-0.40	9.73	-0.00	0.01	0.02	10.30	6.14	20.95
LSM_raw: 	-0.03	-0.43	9.73	-0.00	0.00	0.00	10.23	6.15	20.97
LSM_raw: 	-0.05	-0.41	9.73	0.01	-0.01	0.01	10.28	6.18	21.24
LSM_raw: 	-0.05	-0.41	9.71	-0.00	-0.01	0.02	10.28	6.18	21.24
LSM_raw: 	-0.05	-0.42	9.75	-0.02	-0.00	0.01	10.24	6.06	21.55
LSM_raw: 	-0.05	-0.39	9.75	0.00	0.01	0.00	10.26	6.20	20.82
LSM_raw: 	-0.05	-0.42	9.73	0.00	-0.00	0.01	10.29	6.10	20.87
LSM_raw: 	-0.03	-0.40	9.67	-0.01	0.01	0.01	10.29	6.10	20.89
LSM_raw: 	-0.04	-0.40	9.72	-0.01	0.00	0.02	10.31	6.28	20.89
LSM_raw: 	-0.03	-0.41	9.73	0.00	-0.00	-0.00	10.39	6.13	20.72
LSM_raw: 	-0.07	-0.42	9.74	0.01	-0.00	-0.00	10.20	6.18	20.95
LSM_raw: 	-0.04	-0.40	9.71	0.00	0.00	0.00	10.26	6.17	20.95
LSM_raw: 	-0.05	-0.40	9.67	-0.00	0.01	0.02	10.25	6.13	20.49
LSM_raw: 	-0.04	-0.41	9.67	0.02	-0.01	0.01	10.25	6.13	20.49
LSM_raw: 	-0.06	-0.41	9.72	-0.01	-0.00	0.02	10.38	6.26	20.70
LSM_raw: 	-0.03	-0.39	9.70	0.00	-0.00	0.02	10.19	6.17	20.82
LSM_raw: 	-0.04	-0.41	9.73	0.00	0.00	0.01	10.15	6.12	21.03
LSM_raw: 	-0.05	-0.40	9.69	0.00	-0.01	0.01	10.15	6.08	20.89
LSM_raw: 	-0.03	-0.38	9.71	0.02	0.01	0.02	10.24	6.08	20.89
LSM_raw: 	-0.04	-0.41	9.75	-0.01	-0.00	0.01	10.26	6.22	21.12
LSM_raw: 	-0.04	-0.41	9.71	-0.01	-0.01	0.01	10.21	6.11	20.86
LSM_raw: 	-0.04	-0.42	9.68	0.00	-0.00	0.01	10.19	6.11	20.83
LSM_raw: 	-0.05	-0.41	9.67	-0.01	-0.00	0.00	10.19	6.05	21.12
LSM_raw: 	-0.04	-0.39	9.69	0.01	0.00	0.00	10.23	6.05	21.12
LSM_raw: 	-0.06	-0.37	9.69	0.00	0.01	0.00	10.35	6.14	21.43
LSM_raw: 	-0.04	-0.39	9.73	-0.00	0.01	0.01	10.23	6.16	20.73
LSM_raw: 	-0.02	-0.40	9.71	-0.01	-0.00	0.01	10.25	6.27	20.84
LSM_raw: 	-0.04	-0.39	9.69	-0.01	0.01	0.00	10.19	6.05	21.08
LSM_raw: 	-0.07	-0.39	9.71	-0.00	0.00	0.01	10.19	6.05	21.08
LSM_raw: 	-0.06	-0.42	9.69	0.00	-0.00	0.01	10.30	6.13	21.04
LSM_raw: 	-0.02	-0.40	9.73	0.02	-0.01	0.01	10.30	6.12	20.89
LSM_raw: 	-0.05	-0.42	9.69	-0.00	-0.00	-0.00	10.23	6.27	20.78
LSM_raw: 	-0.06	-0.41	9.67	-0.00	0.01	-0.00	10.24	6.23	20.92
LSM_raw: 	-0.06	-0.40	9.65	-0.01	0.01	0.01	10.24	6.23	20.92
LSM_raw: 	-0.06	-0.39	9.74	-0.01	0.00	-0.01	10.23	6.13	20.92
LSM_raw: 	-0.04	-0.41	9.69	-0.01	0.00	0.01	10.12	6.14	20.98
LSM_raw: 	-0.04	-0.39	9.73	-0.01	0.01	0.02	10.29	6.09	20.87
LSM_raw: 	-0.05	-0.40	9.73	0.01	-0.01	0.02	10.19	6.31	21.01
LSM_raw: 	-0.03	-0.40	9.76	-0.00	0.00	0.01	10.19	6.31	21.01
LSM_raw: 	-0.04	-0.41	9.68	0.01	0.00	0.01	10.27	6.18	20.67
LSM_raw: 	-0.03	-0.40	9.72	-0.01	-0.00	0.01	10.27	6.10	20.88
LSM_raw: 	-0.06	-0.40	9.71	-0.00	-0.00	0.03	10.24	6.06	20.75
LSM_raw: 	-0.02	-0.39	9.72	0.00	0.00	0.01	10.25	6.16	20.95
LSM_raw: 	-0.05	-0.40	9.72	0.01	-0.00	0.00	10.25	6.16	20.95
LSM_raw: 	-0.04	-0.41	9.72	0.00	-0.00	0.02	10.36	6.24	20.63
LSM_raw: 	-0.02	-0.40	9.75	0.00	0.01	0.01	10.27	6.11	21.11
LSM_raw: 	-0.05	-0.39	9.70	0.01	-0.01	0.01	10.20	6.18	20.72
LSM_raw: 	-0.03	-0.41	9.68	-0.01	-0.00	0.02	10.27	6.13	20.92
LSM_raw: 	-0.04	-0.39	9.70	0.00	0.00	0.01	10.27	6.13	20.92
LSM_raw: 	-0.06	-0.41	9.72	-0.01	0.01	0.00	10.21	6.18	21.54
LSM_raw: 	-0.07	-0.40	9.70	0.00	-0.00	0.01	10.35	6.07	21.13
LSM_raw: 	-0.08	-0.39	9.70	0.01	-0.00	0.01	10.23	6.25	20.86
LSM_raw: 	-0.05	-0.40	9.67	0.01	0.00	0.01	10.15	6.09	20.88
LSM_raw: 	-0.07	-0.39	9.70	0.01	0.00	0.00	10.15	6.09	20.88
LSM_raw: 	-0.04	-0.42	9.69	-0.01	-0.00	0.00	10.31	6.13	21.31
LSM_raw: 	-0.04	-0.40	9.69	0.00	-0.00	0.00	10.39	6.08	21.12
LSM_raw: 	-0.05	-0.43	9.70	-0.01	0.00	0.02	10.31	6.18	20.72
LSM_raw: 	-0.02	-0.41	9.70	-0.00	0.00	0.01	10.24	6.17	20.88
LSM_raw: 	-0.06	-0.41	9.71	-0.00	0.00	0.01	10.24	6.17	20.88
LSM_raw: 	-0.03	-0.40	9.69	0.01	0.01	0.01	10.31	6.17	19.80
LSM_raw: 	-0.04	-0.40	9.72	0.01	0.01	0.02	10.15	6.09	21.05
LSM_raw: 	-0.03	-0.40	9.73	0.00	0.00	0.01	10.03	5.98	20.88
LSM_raw: 	-0.04	-0.41	9.71	-0.00	0.01	0.00	10.11	6.14	20.71
LSM_raw: 	-0.04	-0.42	9.69	0.00	-0.01	0.01	10.11	6.14	20.71
LSM_raw: 	-0.03	-0.39	9.68	0.01	0.01	0.00	10.39	6.21	21.16
LSM_raw: 	-0.06	-0.40	9.75	-0.02	-0.01	0.02	10.15	6.15	20.54
LSM_raw: 	-0.05	-0.40	9.72	-0.00	-0.00	0.01	10.08	6.05	20.86
LSM_raw: 	-0.03	-0.43	9.68	-0.01	0.00	0.00	10.15	6.13	20.81
LSM_raw: 	-0.05	-0.41	9.69	0.01	0.01	0.01	10.15	6.13	20.81
LSM_raw: 	-0.06	-0.40	9.68	0.00	0.01	0.01	10.18	6.22	21.02
LSM_raw: 	-0.03	-0.42	9.72	-0.00	-0.01	0.01	10.21	6.24	20.93
LSM_raw: 	-0.05	-0.41	9.73	-0.01	0.00	-0.00	10.18	6.27	20.86
LSM_raw: 	-0.04	-0.41	9.71	-0.01	0.02	-0.00	10.20	6.06	20.82
LSM_raw: 	-0.04	-0.39	9.71	0.02	0.01	0.00	10.20	6.06	20.82
LSM_raw: 	-0.05	-0.38	9.68	0.01	0.01	0.02	10.23	6.13	20.11
LSM_raw: 	-0.03	-0.41	9.73	0.01	-0.01	0.00	10.15	6.16	20.83
LSM_raw: 	-0.04	-0.42	9.74	0.01	0.00	0.01	10.24	6.33	20.87
LSM_raw: 	-0.06	-0.41	9.69	-0.00	0.00	0.01	10.23	6.20	20.80
LSM_raw: 	-0.03	-0.41	9.68	0.02	-0.00	0.02	10.23	6.20	20.80
LSM_raw: 	-0.02	-0.40	9.72	0.01	-0.01	0.01	10.28	6.02	21.75
LSM_raw: 	-0.03	-0.42	9.71	-0.01	-0.00	0.02	10.33	6.17	20.84
LSM_raw: 	-0.05	-0.40	9.69	-0.01	0.00	0.01	10.26	6.21	20.83
LSM_raw: 	-0.05	-0.41	9.71	-0.00	-0.00	0.01	10.16	6.26	20.74
LSM_raw: 	-0.05	-0.41	9.70	-0.02	0.00	0.01	10.16	6.26	20.74
LSM_raw: 	-0.05	-0.39	9.71	0.00	0.01	0.01	10.30	6.13	20.66
LSM_raw: 	-0.05	-0.38	9.71	-0.01	-0.00	0.01	10.29	6.19	21.08
LSM_raw: 	-0.03	-0.38	9.75	0.01	-0.01	0.02	10.16	6.13	20.74
LSM_raw: 	-0.04	-0.38	9.69	0.01	-0.01	0.01	10.11	6.19	20.97
LSM_raw: 	-0.05	-0.40	9.65	0.02	0.01	0.01	10.11	6.19	20.97
LSM_raw: 	-0.05	-0.41	9.70	0.00	0.00	0.02	10.36	6.24	21.28
LSM_raw: 	-0.04	-0.40	9.73	0.01	0.01	0.01	10.31	6.14	20.48
LSM_raw: 	-0.04	-0.40	9.73	-0.01	-0.00	0.02	10.14	6.17	20.83
LSM_raw: 	-0.04	-0.39	9.66	-0.00	-0.01	0.02	10.10	6.26	20.81
LSM_raw: 	-0.04	-0.40	9.69	-0.01	-0.00	0.02	10.10	6.26	20.81
LSM_raw: 	-0.05	-0.41	9.73	0.01	0.01	0.02	10.23	6.23	20.79
LSM_raw: 	-0.04	-0.39	9.72	0.01	-0.00	0.01	10.34	6.28	21.13
LSM_raw: 	-0.07	-0.41	9.68	-0.00	-0.01	0.01	10.20	6.14	20.74
LSM_raw: 	-0.03	-0.42	9.73	-0.00	0.01	0.00	10.19	6.05	20.82
LSM_raw: 	-0.04	-0.40	9.72	-0.00	0.00	0.00	10.19	6.05	20.82
LSM_raw: 	-0.03	-0.40	9.69	-0.01	0.00	0.02	10.20	6.13	20.94
LSM_raw: 	-0.04	-0.39	9.68	0.01	-0.01	0.01	10.40	6.13	21.31
LSM_raw: 	-0.05	-0.41	9.74	0.01	-0.00	0.01	10.19	6.24	20.73
LSM_raw: 	-0.05	-0.40	9.72	0.00	-0.00	0.01	10.23	6.13	20.62
LSM_raw: 	-0.05	-0.42	9.73	-0.00	0.00	0.01	10.23	6.13	20.62
LSM_raw: 	-0.07	-0.41	9.68	0.00	0.01	0.01	10.24	6.27	20.70
LSM_raw: 	-0.03	-0.41	9.72	0.00	-0.01	0.01	10.22	6.02	20.57
LSM_raw: 	-0.06	-0.38	9.70	-0.00	-0.00	0.01	10.14	6.23	20.82
LSM_raw: 	-0.01	-0.41	9.75	-0.01	0.02	0.01	10.31	6.21	20.76
LSM_raw: 	-0.04	-0.40	9.71	-0.00	0.01	0.01	10.31	6.21	20.76
LSM_raw: 	-0.05	-0.42	9.71	0.01	0.00	0.00	10.35	6.19	20.33
LSM_raw: 	-0.05	-0.42	9.70	0.00	0.01	0.02	10.20	6.11	20.85
LSM_raw: 	-0.04	-0.40	9.69	-0.00	-0.00	0.00	10.17	6.14	20.70
LSM_raw: 	-0.05	-0.41	9.71	-0.01	0.00	0.01	10.23	6.18	20.79
LSM_raw: 	-0.03	-0.38	9.68	0.00	0.01	0.01	10.23	6.18	20.79
LSM_raw: 	-0.04	-0.39	9.69	0.01	0.01	0.01	10.31	6.18	19.97
LSM_raw: 	-0.05	-0.42	9.73	0.01	0.01	0.01	10.30	6.12	21.24
LSM_raw: 	-0.04	-0.40	9.73	-0.01	0.01	0.01	10.19	6.14	20.86
LSM_raw: 	-0.02	-0.40	9.73	0.01	0.02	0.01	10.20	6.17	20.78
LSM_raw: 	-0.02	-0.40	9.67	-0.01	0.00	0.00	10.20	6.17	20.78
LSM_raw: 	-0.05	-0.39	9.70	0.00	0.01	0.02	10.18	6.04	20.76
LSM_raw: 	-0.04	-0.41	9.73	-0.01	0.01	0.03	10.31	6.25	20.56
LSM_raw: 	-0.03	-0.41	9.76	0.01	-0.01	0.01	10.19	6.12	20.72
LSM_raw: 	-0.04	-0.41	9.72	-0.01	0.00	0.01	10.23	6.12	20.79
LSM_raw: 	-0.03	-0.40	9.67	0.01	0.00	0.02	10.23	6.12	20.79
LSM_raw: 	-0.02	-0.41	9.71	0.01	0.00	0.01	10.27	6.17	20.44
LSM_raw: 	-0.04	-0.41	9.77	0.01	0.00	0.00	10.24	6.09	20.35
LSM_raw: 	-0.06	-0.39	9.73	0.00	0.01	0.02	10.15	6.24	20.78
LSM_raw: 	-0.02	-0.39	9.69	-0.01	-0.00	0.01	10.20	5.99	20.70
LSM_raw: 	-0.04	-0.41	9.69	0.02	0.01	0.02	10.20	5.99	20.70
LSM_raw: 	-0.04	-0.38	9.69	0.01	-0.00	0.00	10.27	6.14	20.83
LSM_raw: 	-0.04	-0.40	9.72	-0.00	0.01	0.01	10.16	6.22	20.87
LSM_raw: 	-0.05	-0.40	9.74	0.01	0.00	0.02	10.17	6.24	20.75
LSM_raw: 	-0.05	-0.40	9.71	-0.00	0.00	0.00	10.09	6.05	20.73
LSM_raw: 	-0.04	-0.39	9.67	0.01	-0.01	0.00	10.09	6.05	20.73
LSM_raw: 	-0.05	-0.41	9.71	0.01	-0.00	0.01	10.26	6.07	20.92
LSM_raw: 	-0.07	-0.40	9.70	-0.01	0.00	0.01	10.24	6.09	21.09
LSM_raw: 	-0.05	-0.43	9.74	0.01	-0.00	0.01	10.15	6.24	20.83
LSM_raw: 	-0.04	-0.41	9.70	0.01	0.01	0.00	10.11	6.13	20.84
LSM_raw: 	-0.06	-0.41	9.72	-0.01	-0.01	0.01	10.11	6.13	20.84
LSM_raw: 	-0.06	-0.40	9.75	-0.00	-0.00	0.01	10.32	6.30	20.24
LSM_raw: 	-0.06	-0.39	9.70	-0.00	0.01	0.01	10.24	6.27	21.10
LSM_raw: 	-0.05	-0.39	9.71	-0.01	0.00	0.01	10.18	6.15	20.77
LSM_raw: 	-0.07	-0.40	9.73	-0.01	-0.01	0.01	10.14	6.17	20.74
LSM_raw: 	-0.06	-0.41	9.72	0.00	0.00	0.02	10.14	6.17	21.14
LSM_raw: 	-0.08	-0.41	9.72	0.00	0.01	0.01	10.23	6.16	21.14
LSM_raw: 	-0.05	-0.41	9.74	0.01	0.01	0.02	10.39	6.25	20.39
LSM_raw: 	-0.04	-0.39	9.74	-0.00	-0.00	0.02	10.23	6.09	20.88
LSM_raw: 	-0.03	-0.40	9.71	-0.01	0.01	0.01	10.17	6.13	20.73
LSM_raw: 	-0.04	-0.41	9.68	-0.00	0.01	0.01	10.17	6.13	20.73
LSM_raw: 	-0.07	-0.40	9.70	0.00	0.01	0.02	10.19	6.14	21.01
LSM_raw: 	-0.04	-0.41	9.70	0.01	0.00	0.00	10.35	6.09	20.73
LSM_raw: 	-0.03	-0.41	9.74	0.00	0.01	0.01	10.14	6.22	20.63
LSM_raw: 	-0.06	-0.40	9.68	-0.00	-0.00	0.02	10.16	6.21	20.78
LSM_raw: 	-0.05	-0.40	9.72	-0.00	-0.01	0.01	10.16	6.21	20.78
LSM_raw: 	-0.06	-0.41	9.71	-0.00	-0.00	0.02	10.20	6.15	20.34
LSM_raw: 	-0.04	-0.40	9.70	0.00	0.01	0.00	10.21	6.19	21.19
LSM_raw: 	-0.07	-0.40	9.73	0.00	-0.01	0.00	10.24	6.12	20.78
LSM_raw: 	-0.03	-0.41	9.70	0.00	0.00	-0.00	10.19	6.28	20.52
LSM_raw: 	-0.04	-0.40	9.70	0.00	-0.01	0.01	10.19	6.28	20.52
LSM_raw: 	-0.05	-0.41	9.70	-0.01	0.00	0.01	10.27	6.13	20.87
LSM_raw: 	-0.06	-0.39	9.70	-0.02	0.00	0.01	10.39	6.11	20.85
LSM_raw: 	-0.03	-0.40	9.74	0.00	0.00	0.00	10.14	6.14	20.88
LSM_raw: 	-0.03	-0.41	9.70	-0.01	-0.01	0.02	10.07	6.09	20.76
LSM_raw: 	-0.04	-0.38	9.69	0.01	-0.00	0.01	10.07	6.09	20.76
LSM_raw: 	-0.04	-0.42	9.73	0.02	0.01	0.01	10.21	6.14	20.98
LSM_raw: 	-0.04	-0.39	9.78	-0.00	0.01	0.01	10.27	6.13	20.90
LSM_raw: 	-0.05	-0.37	9.73	-0.00	-0.01	0.00	10.15	6.16	20.72
LSM_raw: 	-0.03	-0.40	9.70	-0.00	0.00	0.01	10.04	6.09	20.73
LSM_raw: 	-0.06	-0.40	9.71	0.00	0.00	0.01	10.04	6.09	20.73
LSM_raw: 	-0.06	-0.40	9.75	-0.01	-0.01	-0.00	10.31	6.13	20.27
LSM_raw: 	-0.07	-0.41	9.70	0.01	-0.01	0.00	10.47	6.21	21.12
LSM_raw: 	-0.04	-0.41	9.76	-0.01	0.00	0.01	10.15	6.16	20.65
LSM_raw: 	-0.04	-0.38	9.70	-0.02	0.00	0.02	10.23	6.17	20.66
LSM_raw: 	-0.05	-0.40	9.69	0.00	0.00	-0.00	10.23	6.17	20.66
LSM_raw: 	-0.06	-0.39	9.73	0.00	-0.00	0.01	10.17	6.08	21.07
LSM_raw: 	-0.04	-0.39	9.74	-0.01	0.01	0.00	10.27	6.18	21.01
LSM_raw: 	-0.05	-0.42	9.76	-0.00	0.00	-0.00	10.19	6.24	20.87
LSM_raw: 	-0.03	-0.39	9.71	0.01	0.00	0.01	10.24	6.23	20.79
LSM_raw: 	-0.04	-0.39	9.71	-0.00	0.00	0.01	10.24	6.23	20.79
LSM_raw: 	-0.06	-0.42	9.74	0.01	0.00	0.03	10.24	6.12	20.63
LSM_raw: 	-0.06	-0.39	9.70	-0.01	-0.01	0.01	10.29	6.19	21.91
LSM_raw: 	-0.06	-0.40	9.74	-0.01	0.01	0.01	10.11	6.06	20.65
LSM_raw: 	-0.04	-0.40	9.70	0.01	0.00	0.01	10.19	6.17	20.65
LSM_raw: 	-0.05	-0.42	9.71	-0.01	-0.01	0.01	10.19	6.17	20.65
LSM_raw: 	-0.04	-0.39	9.70	0.01	0.01	0.00	10.28	6.13	21.00
LSM_raw: 	-0.06	-0.40	9.72	0.00	-0.00	0.00	10.40	6.19	20.62
LSM_raw: 	-0.04	-0.40	9.73	0.00	0.00	-0.00	10.19	6.09	20.83
LSM_raw: 	-0.02	-0.40	9.72	-0.02	-0.00	0.01	10.15	6.17	20.71
LSM_raw: 	-0.05	-0.41	9.70	-0.00	0.01	0.02	10.15	6.17	20.71
LSM_raw: 	-0.06	-0.39	9.70	0.00	0.01	0.01	10.27	6.13	21.03
LSM_raw: 	-0.04	-0.41	9.69	0.00	0.00	0.02	10.37	6.13	21.48
LSM_raw: 	-0.05	-0.39	9.71	0.00	0.00	0.01	10.18	6.17	20.85
LSM_raw: 	-0.04	-0.41	9.73	0.00	-0.01	0.01	10.16	6.11	20.82
LSM_raw: 	-0.04	-0.41	9.70	-0.01	-0.01	0.01	10.16	6.11	20.82
LSM_raw: 	-0.04	-0.40	9.68	-0.01	0.01	0.01	10.19	5.98	21.23
LSM_raw: 	-0.05	-0.38	9.74	-0.01	-0.00	0.02	10.28	6.21	20.71
LSM_raw: 	-0.03	-0.40	9.72	0.01	0.00	0.01	10.27	6.27	20.77
LSM_raw: 	-0.05	-0.41	9.71	-0.01	0.00	0.01	10.22	6.07	20.83
LSM_raw: 	-0.05	-0.40	9.68	0.00	0.01	0.01	10.22	6.07	20.69
LSM_raw: 	-0.05	-0.39	9.71	0.00	-0.00	0.02	10.35	6.12	20.69
LSM_raw: 	-0.06	-0.41	9.73	0.02	0.00	0.01	10.27	6.18	20.39
LSM_raw: 	-0.05	-0.39	9.75	0.00	0.00	0.01	10.23	6.18	20.66
LSM_raw: 	-0.06	-0.39	9.73	0.01	0.00	0.01	10.16	6.17	20.78
LSM_raw: 	-0.04	-0.41	9.71	-0.01	0.00	0.01	10.16	6.17	20.78
LSM_raw: 	-0.04	-0.39	9.72	-0.00	-0.00	0.02	10.23	6.24	20.39
LSM_raw: 	-0.06	-0.42	9.70	-0.01	0.00	0.01	10.25	5.98	20.36
LSM_raw: 	-0.04	-0.40	9.76	-0.01	-0.02	0.01	10.24	6.22	20.88
LSM_raw: 	-0.05	-0.40	9.74	-0.01	0.02	-0.00	10.06	6.15	20.71
LSM_raw: 	-0.06	-0.39	9.71	-0.00	0.01	0.01	10.06	6.31	20.53
LSM_raw: 	-0.06	-0.40	9.71	-0.01	-0.00	0.01	10.27	6.31	20.53
LSM_raw: 	-0.06	-0.41	9.72	-0.00	0.00	0.02	10.30	6.09	19.94
LSM_raw: 	-0.03	-0.40	9.75	0.01	-0.01	0.01	10.15	6.04	20.83
LSM_raw: 	-0.06	-0.42	9.75	0.00	-0.01	0.01	10.19	6.05	20.75
LSM_raw: 	-0.05	-0.40	9.71	0.00	-0.00	0.01	10.19	6.05	20.75
LSM_raw: 	-0.03	-0.40	9.70	-0.01	0.01	0.02	10.28	6.25	20.61
LSM_raw: 	-0.04	-0.41	9.71	-0.00	0.00	0.01	10.37	6.28	21.05
LSM_raw: 	-0.06	-0.40	9.72	0.01	0.01	0.02	10.23	6.17	20.72
LSM_raw: 	-0.04	-0.40	9.74	0.00	-0.00	0.01	10.27	6.18	20.85
LSM_raw: 	-0.07	-0.39	9.68	-0.00	0.00	0.03	10.27	6.18	20.85
LSM_raw: 	-0.06	-0.40	9.73	-0.02	-0.01	0.01	10.24	6.13	20.38
LSM_raw: 	-0.07	-0.41	9.70	-0.01	-0.00	0.01	10.35	6.17	20.88
LSM_raw: 	-0.04	-0.41	9.70	-0.01	-0.01	0.02	10.24	6.24	20.77
LSM_raw: 	-0.04	-0.42	9.73	-0.00	-0.00	0.01	10.19	6.17	20.88
LSM_raw: 	-0.04	-0.41	9.71	-0.01	-0.00	0.02	10.19	6.17	20.88
LSM_raw: 	-0.05	-0.39	9.73	-0.00	-0.01	0.01	10.26	6.14	19.79
LSM_raw: 	-0.05	-0.42	9.72	0.00	0.00	0.01	10.21	6.17	21.14
LSM_raw: 	-0.06	-0.41	9.72	-0.00	0.00	0.01	10.19	6.24	20.70
LSM_raw: 	-0.04	-0.40	9.73	-0.00	0.01	0.00	10.15	6.19	20.65
LSM_raw: 	-0.05	-0.40	9.73	0.01	0.01	0.02	10.15	6.19	20.65
LSM_raw: 	-0.05	-0.41	9.69	0.01	-0.00	-0.00	10.22	6.20	20.70
LSM_raw: 	-0.04	-0.41	9.71	0.01	0.01	0.00	10.34	6.17	20.86
LSM_raw: 	-0.05	-0.42	9.75	-0.00	-0.00	0.02	10.29	6.06	20.67
LSM_raw: 	-0.05	-0.40	9.75	-0.01	0.00	0.01	10.20	6.24	20.58
LSM_raw: 	-0.05	-0.41	9.67	-0.01	-0.01	0.00	10.20	6.17	20.20
LSM_raw: 	-0.06	-0.40	9.74	0.01	0.01	0.01	10.24	6.17	20.20
LSM_raw: 	-0.04	-0.40	9.73	-0.00	-0.00	0.01	10.37	6.28	20.01
LSM_raw: 	-0.03	-0.40	9.72	-0.00	-0.00	-0.00	10.23	6.09	20.75
LSM_raw: 	-0.06	-0.40	9.76	0.01	-0.00	0.01	10.13	6.05	20.68
LSM_raw: 	-0.04	-0.41	9.69	-0.01	-0.00	-0.00	10.13	6.14	20.30
LSM_raw: 	-0.04	-0.41	9.69	-0.01	-0.01	0.00	10.13	6.14	20.30
LSM_raw: 	-0.03	-0.39	9.69	0.00	-0.00	0.01	10.31	6.13	20.19
LSM_raw: 	-0.05	-0.40	9.75	-0.00	-0.00	0.01	10.23	6.09	20.92
LSM_raw: 	-0.03	-0.39	9.75	0.01	-0.01	-0.01	10.17	6.04	20.67
LSM_raw: 	-0.05	-0.41	9.71	-0.00	0.00	0.01	10.17	6.18	20.34
LSM_raw: 	-0.06	-0.41	9.70	0.00	0.00	0.01	10.17	6.18	20.34
LSM_raw: 	-0.07	-0.41	9.70	0.01	-0.01	0.00	10.37	6.28	20.66
LSM_raw: 	-0.03	-0.40	9.71	0.00	0.01	0.00	10.36	6.18	20.59
LSM_raw: 	-0.06	-0.40	9.73	0.00	-0.00	0.01	10.28	6.18	20.81
LSM_raw: 	-0.05	-0.41	9.68	0.01	0.00	-0.00	10.12	6.09	20.10
LSM_raw: 	-0.04	-0.40	9.70	-0.00	-0.00	0.01	10.12	6.09	20.10
LSM_raw: 	-0.04	-0.39	9.73	-0.01	0.01	0.01	10.27	6.13	21.34
LSM_raw: 	-0.07	-0.41	9.76	0.00	-0.00	0.01	10.29	6.16	20.51
LSM_raw: 	-0.03	-0.39	9.74	0.01	-0.00	0.01	10.28	6.21	20.73
LSM_raw: 	-0.06	-0.42	9.72	0.01	0.01	0.00	10.20	6.21	20.69
LSM_raw: 	-0.04	-0.41	9.69	0.01	-0.00	0.01	10.20	6.21	20.69
LSM_raw: 	-0.04	-0.40	9.71	0.00	0.00	0.01	10.31	6.02	20.63
LSM_raw: 	-0.07	-0.41	9.74	0.01	-0.01	0.01	10.27	6.09	20.59
LSM_raw: 	-0.06	-0.40	9.74	0.00	-0.00	-0.00	10.21	6.07	20.72
LSM_raw: 	-0.03	-0.40	9.72	0.00	0.01	0.01	10.31	6.21	20.39
LSM_raw: 	-0.04	-0.40	9.70	-0.00	0.00	0.01	10.31	6.21	20.39
LSM_raw: 	-0.05	-0.40	9.71	0.01	-0.00	0.02	10.39	6.12	20.69
LSM_raw: 	-0.04	-0.41	9.72	-0.00	0.00	0.01	10.23	6.14	21.14
LSM_raw: 	-0.04	-0.40	9.71	-0.01	0.00	-0.01	10.18	6.23	20.81
LSM_raw: 	-0.06	-0.41	9.68	0.02	-0.01	0.01	10.13	6.13	21.10
LSM_raw: 	-0.04	-0.40	9.71	-0.01	-0.00	0.01	10.13	6.13	21.10
LSM_raw: 	-0.07	-0.39	9.71	0.00	0.00	0.00	10.38	6.12	21.41
LSM_raw: 	-0.05	-0.40	9.71	-0.00	0.00	0.01	10.25	6.25	20.65
LSM_raw: 	-0.04	-0.39	9.73	0.01	-0.00	0.01	10.26	6.08	20.74
LSM_raw: 	-0.05	-0.40	9.72	-0.01	-0.01	0.01	10.14	6.10	20.99
LSM_raw: 	-0.03	-0.41	9.67	0.01	0.01	0.01	10.14	6.10	20.99
LSM_raw: 	-0.03	-0.40	9.71	-0.01	0.01	0.01	10.23	6.09	20.36
LSM_raw: 	-0.07	-0.40	9.74	0.01	0.01	0.02	10.40	6.21	20.60
LSM_raw: 	-0.06	-0.40	9.72	0.00	0.01	0.01	10.23	6.16	20.76
LSM_raw: 	-0.03	-0.41	9.71	0.00	-0.02	0.02	10.23	6.17	20.88
LSM_raw: 	-0.04	-0.40	9.70	-0.00	0.01	0.01	10.23	6.17	20.88
LSM_raw: 	-0.08	-0.39	9.70	0.00	0.02	0.02	10.30	5.94	20.67
LSM_raw: 	-0.05	-0.41	9.72	0.01	-0.01	0.02	10.15	6.24	20.67
LSM_raw: 	-0.07	-0.40	9.75	-0.01	-0.00	0.01	10.23	6.21	20.75
LSM_raw: 	-0.04	-0.43	9.70	0.00	-0.00	0.01	10.25	6.22	20.82
LSM_raw: 	-0.05	-0.41	9.68	0.01	-0.00	0.02	10.25	6.22	20.82
LSM_raw: 	-0.04	-0.40	9.75	-0.00	0.01	0.01	10.33	6.10	20.30
LSM_raw: 	-0.06	-0.40	9.67	-0.00	-0.01	0.01	10.14	6.05	20.74
LSM_raw: 	-0.05	-0.41	9.77	-0.00	-0.01	-0.00	10.24	6.23	20.78
LSM_raw: 	-0.06	-0.41	9.71	-0.00	0.00	0.01	10.22	6.22	20.89
LSM_raw: 	-0.05	-0.40	9.71	-0.00	0.01	0.02	10.22	6.22	20.89
LSM_raw: 	-0.04	-0.40	9.71	0.01	0.01	0.01	10.31	6.11	20.98
LSM_raw: 	-0.04	-0.38	9.76	-0.01	-0.00	0.02	10.28	6.09	20.53
LSM_raw: 	-0.03	-0.42	9.72	0.00	0.00	0.01	10.15	6.08	20.79
LSM_raw: 	-0.03	-0.40	9.71	-0.00	-0.00	0.01	10.22	6.12	20.75
LSM_raw: 	-0.02	-0.40	9.69	0.00	0.00	0.01	10.22	6.12	20.75
LSM_raw: 	-0.04	-0.40	9.72	-0.01	0.02	0.01	10.43	6.31	21.34
LSM_raw: 	-0.06	-0.41	9.73	-0.00	-0.01	0.01	10.37	6.19	20.83
LSM_raw: 	-0.06	-0.41	9.74	0.00	0.01	0.02	10.18	6.14	20.79
LSM_raw: 	-0.04	-0.41	9.71	0.01	-0.00	0.01	10.19	6.11	20.76
LSM_raw: 	-0.05	-0.41	9.68	0.01	-0.01	0.01	10.19	6.11	20.76
LSM_raw: 	-0.07	-0.42	9.73	-0.01	-0.00	0.01	10.31	6.14	20.08
LSM_raw: 	-0.06	-0.41	9.70	-0.01	-0.00	0.00	10.27	6.17	20.97
LSM_raw: 	-0.05	-0.43	9.74	-0.01	0.00	0.02	10.24	6.25	20.94
LSM_raw: 	-0.03	-0.40	9.69	0.01	0.00	0.01	10.09	6.07	20.80
LSM_raw: 	-0.04	-0.40	9.68	0.00	0.00	0.00	10.09	6.07	20.80
LSM_raw: 	-0.04	-0.39	9.73	0.01	-0.00	0.02	10.19	6.09	21.39
LSM_raw: 	-0.03	-0.41	9.73	0.01	-0.01	0.01	10.19	6.25	20.89
LSM_raw: 	-0.02	-0.39	9.71	0.01	0.01	0.01	10.17	6.28	20.74
LSM_raw: 	-0.05	-0.40	9.72	-0.01	0.00	0.01	10.22	6.24	20.82
LSM_raw: 	-0.06	-0.40	9.68	-0.01	-0.01	0.01	10.22	6.24	20.82
LSM_raw: 	-0.04	-0.39	9.72	-0.01	-0.01	0.01	10.24	6.24	20.71
LSM_raw: 	-0.04	-0.42	9.72	-0.00	-0.02	0.02	10.23	6.10	20.77
LSM_raw: 	-0.06	-0.40	9.77	0.00	-0.00	0.01	10.21	6.11	20.81
LSM_raw: 	-0.05	-0.40	9.75	0.01	0.01	0.01	10.23	6.23	20.78
LSM_raw: 	-0.04	-0.39	9.65	-0.00	-0.01	0.01	10.23	6.23	20.78
LSM_raw: 	-0.03	-0.42	9.70	-0.00	0.01	0.00	10.28	6.17	20.16
LSM_raw: 	-0.05	-0.38	9.71	-0.00	0.00	0.01	10.30	6.13	20.61
LSM_raw: 	-0.02	-0.38	9.73	0.01	-0.01	0.01	10.12	6.09	20.75
LSM_raw: 	-0.04	-0.39	9.75	0.00	-0.01	0.02	10.20	6.16	20.76
LSM_raw: 	-0.04	-0.39	9.69	0.02	0.01	0.02	10.20	6.16	20.76
LSM_raw: 	-0.04	-0.41	9.71	0.00	-0.00	0.01	10.31	6.10	21.33
LSM_raw: 	-0.05	-0.41	9.75	-0.01	-0.01	-0.00	10.32	6.28	20.13
LSM_raw: 	-0.05	-0.41	9.72	0.02	-0.00	0.01	10.23	6.17	20.75
LSM_raw: 	-0.03	-0.41	9.73	-0.01	0.00	0.01	10.19	6.17	20.74
LSM_raw: 	-0.03	-0.40	9.68	0.00	0.00	0.01	10.19	6.17	20.74
LSM_raw: 	-0.05	-0.40	9.70	0.01	0.02	0.01	10.34	6.16	20.97
LSM_raw: 	-0.06	-0.40	9.74	-0.00	0.01	0.00	10.31	6.13	20.82
LSM_raw: 	-0.04	-0.41	9.71	-0.00	0.01	0.01	10.35	6.24	20.83
LSM_raw: 	-0.05	-0.41	9.75	-0.01	0.01	0.01	10.21	6.18	20.74
LSM_raw: 	-0.02	-0.40	9.67	0.01	-0.01	0.02	10.21	6.18	20.74
LSM_raw: 	-0.07	-0.39	9.68	-0.00	-0.02	0.01	10.27	6.03	22.21
LSM_raw: 	-0.05	-0.40	9.73	-0.01	0.01	0.02	10.27	6.13	20.79
LSM_raw: 	-0.07	-0.41	9.70	-0.00	0.00	0.00	10.23	6.19	20.83
LSM_raw: 	-0.06	-0.39	9.76	0.00	0.00	0.01	10.14	6.10	20.69
LSM_raw: 	-0.05	-0.40	9.70	-0.01	-0.01	0.01	10.14	6.10	20.69
LSM_raw: 	-0.03	-0.40	9.74	0.01	0.00	0.00	10.34	6.22	20.49
LSM_raw: 	-0.06	-0.41	9.73	0.00	0.01	0.02	10.32	6.02	20.66
LSM_raw: 	-0.04	-0.42	9.72	-0.00	-0.01	0.01	10.23	6.13	20.74
LSM_raw: 	-0.01	-0.42	9.73	-0.01	0.01	0.01	10.32	6.26	20.73
LSM_raw: 	-0.05	-0.41	9.71	0.01	-0.01	0.00	10.32	6.26	20.73
LSM_raw: 	-0.06	-0.43	9.75	-0.00	0.01	0.01	10.27	6.15	20.16
LSM_raw: 	-0.06	-0.42	9.73	0.02	-0.00	0.01	10.27	6.21	21.23
LSM_raw: 	-0.06	-0.40	9.74	-0.01	0.01	0.01	10.29	6.05	20.81
LSM_raw: 	-0.03	-0.40	9.75	0.02	-0.00	0.00	10.27	6.16	20.75
LSM_raw: 	-0.04	-0.40	9.68	-0.00	0.00	0.00	10.27	6.16	20.75
LSM_raw: 	-0.05	-0.41	9.74	-0.01	-0.00	-0.01	10.31	6.14	21.05
LSM_raw: 	-0.03	-0.41	9.72	-0.01	-0.00	-0.00	10.31	6.20	21.42
LSM_raw: 	-0.05	-0.39	9.73	0.00	0.01	0.01	10.15	6.21	20.70
LSM_raw: 	-0.04	-0.41	9.73	-0.00	0.01	0.01	10.14	6.00	20.74
LSM_raw: 	-0.03	-0.42	9.69	0.00	0.00	0.02	10.14	6.00	21.05
LSM_raw: 	-0.02	-0.38	9.73	0.01	0.01	0.01	10.20	6.18	21.05
LSM_raw: 	-0.05	-0.39	9.71	0.01	-0.01	0.01	10.31	6.07	20.92
LSM_raw: 	-0.06	-0.39	9.70	-0.01	0.00	0.02	10.24	6.12	20.74
LSM_raw: 	-0.03	-0.43	9.75	0.01	-0.01	0.01	10.19	6.09	20.85
LSM_raw: 	-0.04	-0.41	9.69	0.01	-0.01	0.02	10.21	6.11	20.68
LSM_raw: 	-0.07	-0.41	9.71	0.01	-0.01	0.01	10.21	6.11	20.68
LSM_raw: 	-0.05	-0.41	9.72	-0.01	-0.00	0.01	10.33	6.20	20.74
LSM_raw: 	-0.03	-0.40	9.73	0.01	0.00	0.01	10.32	6.26	20.68
LSM_raw: 	-0.05	-0.40	9.73	-0.00	-0.01	0.02	10.31	6.32	20.80
LSM_raw: 	-0.05	-0.40	9.73	0.01	-0.01	0.01	10.21	6.21	21.14
LSM_raw: 	-0.05	-0.40	9.70	0.01	0.01	0.00	10.21	6.21	21.14
LSM_raw: 	-0.02	-0.39	9.73	0.01	-0.00	0.01	10.28	6.21	20.42
LSM_raw: 	-0.06	-0.38	9.73	-0.01	0.00	0.02	10.26	6.09	20.84
LSM_raw: 	-0.04	-0.39	9.75	0.01	-0.01	0.01	10.29	6.24	20.84
LSM_raw: 	-0.03	-0.41	9.68	-0.00	0.00	0.01	10.29	6.32	21.26
LSM_raw: 	-0.06	-0.41	9.73	0.01	0.01	0.02	10.24	6.32	21.26
LSM_raw: 	-0.04	-0.40	9.71	0.01	0.01	0.03	10.21	6.27	20.61
LSM_raw: 	-0.05	-0.42	9.72	0.00	-0.00	0.01	10.31	6.09	20.65
LSM_raw: 	-0.05	-0.41	9.72	-0.01	-0.02	0.01	10.21	6.27	20.81
LSM_raw: 	-0.04	-0.42	9.69	-0.00	-0.01	0.01	10.25	6.26	20.29
LSM_raw: 	-0.06	-0.41	9.73	0.00	-0.00	0.02	10.25	6.26	20.29
LSM_raw: 	-0.04	-0.42	9.71	0.00	-0.00	0.00	10.32	6.22	20.57
LSM_raw: 	-0.05	-0.40	9.75	-0.00	-0.01	0.00	10.25	6.24	20.80
LSM_raw: 	-0.05	-0.39	9.73	0.00	0.00	0.02	10.25	6.22	20.82
LSM_raw: 	-0.06	-0.39	9.68	-0.00	-0.00	0.01	10.27	6.12	20.92
LSM_raw: 	-0.06	-0.38	9.67	0.00	-0.01	0.01	10.27	6.12	20.92
LSM_raw: 	-0.05	-0.40	9.72	-0.00	-0.01	0.01	10.37	6.24	20.40
LSM_raw: 	-0.03	-0.41	9.73	0.01	0.00	0.01	10.34	6.20	20.41
LSM_raw: 	-0.04	-0.39	9.70	0.00	0.02	0.00	10.34	6.19	20.79
LSM_raw: 	-0.05	-0.39	9.72	0.01	0.01	0.00	10.19	6.14	20.64
LSM_raw: 	-0.05	-0.39	9.69	0.00	0.00	0.01	10.19	6.14	20.64
LSM_raw: 	-0.05	-0.41	9.72	-0.01	-0.00	0.01	10.35	6.17	21.77
LSM_raw: 	-0.05	-0.41	9.70	0.01	0.00	0.00	10.24	6.17	20.92
LSM_raw: 	-0.03	-0.41	9.75	0.01	0.01	0.01	10.29	6.17	20.75
LSM_raw: 	-0.05	-0.39	9.68	0.01	0.01	0.02	10.23	6.11	20.92
LSM_raw: 	-0.05	-0.42	9.78	-0.02	0.00	0.01	10.23	6.11	20.92
LSM_raw: 	-0.05	-0.41	9.76	-0.00	0.01	0.01	10.35	6.12	21.10
LSM_raw: 	-0.05	-0.40	9.72	0.00	-0.00	0.02	10.21	6.17	21.19
LSM_raw: 	-0.05	-0.39	9.75	0.00	-0.00	0.01	10.23	6.13	20.76
LSM_raw: 	-0.04	-0.39	9.67	0.01	-0.01	-0.01	10.24	6.17	21.23
LSM_raw: 	-0.03	-0.41	9.73	-0.00	0.01	0.01	10.24	6.17	21.23
LSM_raw: 	-0.04	-0.40	9.75	0.00	0.00	0.01	10.48	6.15	21.03
LSM_raw: 	-0.05	-0.39	9.72	-0.01	0.00	0.01	10.25	6.15	20.63
LSM_raw: 	-0.03	-0.40	9.78	-0.00	-0.01	0.01	10.23	6.14	20.74
LSM_raw: 	-0.05	-0.39	9.72	0.02	0.00	0.02	10.18	6.17	20.70
LSM_raw: 	-0.04	-0.40	9.70	-0.01	0.00	0.01	10.18	6.17	20.70
LSM_raw: 	-0.05	-0.39	9.70	0.01	-0.00	0.01	10.34	6.17	21.07
LSM_raw: 	-0.05	-0.39	9.70	0.00	-0.00	0.02	10.42	6.21	20.29
LSM_raw: 	-0.04	-0.38	9.77	-0.01	-0.00	0.00	10.28	6.21	20.65
LSM_raw: 	-0.04	-0.41	9.76	0.01	0.00	0.00	10.23	6.15	20.61
LSM_raw: 	-0.06	-0.40	9.73	-0.01	-0.01	0.00	10.23	6.15	20.61
LSM_raw: 	-0.07	-0.41	9.70	0.01	-0.01	0.01	10.34	6.12	21.12
LSM_raw: 	-0.05	-0.39	9.72	-0.01	0.01	0.02	10.35	6.24	20.13
LSM_raw: 	-0.05	-0.40	9.71	-0.01	0.02	0.02	10.15	6.27	20.70
LSM_raw: 	-0.03	-0.41	9.72	-0.01	-0.00	0.01	10.20	6.12	20.68
LSM_raw: 	-0.04	-0.39	9.69	-0.01	0.00	0.01	10.20	6.12	20.68
LSM_raw: 	-0.03	-0.39	9.69	-0.01	0.01	0.02	10.23	6.12	20.54
LSM_raw: 	-0.05	-0.40	9.71	0.01	-0.01	0.00	10.34	6.13	20.46
LSM_raw: 	-0.04	-0.40	9.72	-0.00	-0.00	0.02	10.24	6.32	20.61
LSM_raw: 	-0.05	-0.42	9.73	-0.00	0.01	0.01	10.23	6.24	20.53
LSM_raw: 	-0.02	-0.40	9.75	0.01	-0.00	0.00	10.23	6.24	20.53
LSM_raw: 	-0.07	-0.39	9.66	-0.01	0.00	0.01	10.31	6.19	21.57
LSM_raw: 	-0.06	-0.42	9.74	0.01	0.01	0.01	10.32	6.12	20.89
LSM_raw: 	-0.05	-0.40	9.72	-0.01	0.00	0.01	10.24	6.16	20.63
LSM_raw: 	-0.03	-0.40	9.68	-0.00	-0.00	0.01	10.16	6.15	20.58
LSM_raw: 	-0.06	-0.41	9.74	0.01	-0.00	0.01	10.16	6.15	20.58
LSM_raw: 	-0.03	-0.39	9.69	0.02	0.01	0.01	10.39	6.21	21.45
LSM_raw: 	-0.07	-0.41	9.75	-0.00	-0.00	0.00	10.39	6.23	20.32
LSM_raw: 	-0.03	-0.39	9.70	-0.00	-0.01	0.01	10.20	6.12	20.60
LSM_raw: 	-0.04	-0.42	9.71	-0.01	0.00	0.01	10.23	6.13	20.48
LSM_raw: 	-0.07	-0.40	9.73	0.00	0.00	-0.00	10.23	6.13	20.48
LSM_raw: 	-0.02	-0.40	9.74	0.00	-0.00	0.01	10.28	6.23	20.17
LSM_raw: 	-0.04	-0.43	9.68	0.02	-0.01	0.00	10.28	6.16	20.72
LSM_raw: 	-0.04	-0.40	9.77	-0.01	0.01	0.00	10.20	6.10	20.59
LSM_raw: 	-0.04	-0.42	9.70	-0.00	-0.00	0.01	10.22	6.15	20.65
LSM_raw: 	-0.06	-0.41	9.72	0.00	0.00	0.01	10.22	6.15	20.65
LSM_raw: 	-0.05	-0.40	9.72	-0.01	0.00	0.01	10.31	6.17	20.73
LSM_raw: 	-0.06	-0.41	9.72	0.01	-0.01	0.01	10.40	6.37	20.34
LSM_raw: 	-0.06	-0.39	9.71	-0.01	0.02	0.01	10.15	6.28	20.63
LSM_raw: 	-0.02	-0.39	9.74	0.00	0.00	0.00	10.26	6.18	20.57
LSM_raw: 	-0.04	-0.38	9.70	-0.01	-0.01	0.01	10.26	6.18	20.57
LSM_raw: 	-0.07	-0.41	9.73	0.00	0.01	0.01	10.24	6.14	20.28
LSM_raw: 	-0.04	-0.38	9.70	0.01	0.01	0.01	10.24	6.13	20.94
LSM_raw: 	-0.04	-0.40	9.75	0.00	0.00	0.01	10.25	6.24	20.57
LSM_raw: 	-0.04	-0.40	9.69	-0.01	-0.01	0.02	10.22	6.24	20.58
LSM_raw: 	-0.04	-0.42	9.71	-0.01	0.00	0.01	10.22	6.24	20.58
LSM_raw: 	-0.06	-0.42	9.73	-0.02	0.00	0.01	10.34	6.17	20.83
LSM_raw: 	-0.04	-0.40	9.72	0.00	0.00	0.02	10.26	6.15	20.79
LSM_raw: 	-0.04	-0.41	9.71	-0.00	0.01	0.01	10.23	6.18	20.54
LSM_raw: 	-0.04	-0.41	9.68	0.01	0.00	0.02	10.24	6.12	20.60
LSM_raw: 	-0.04	-0.40	9.75	-0.01	0.01	0.01	10.24	6.12	20.60
LSM_raw: 	-0.06	-0.39	9.73	0.01	-0.01	0.01	10.40	6.12	21.03
LSM_raw: 	-0.04	-0.41	9.77	0.02	0.02	0.01	10.32	6.22	20.61
LSM_raw: 	-0.02	-0.41	9.71	-0.00	-0.00	0.01	10.11	6.05	20.51
LSM_raw: 	-0.05	-0.40	9.71	-0.02	-0.01	0.01	10.19	6.40	20.50
LSM_raw: 	-0.04	-0.39	9.65	-0.00	0.00	0.02	10.19	6.40	20.50
LSM_raw: 	-0.05	-0.40	9.75	-0.01	0.00	0.01	10.37	6.18	20.12
LSM_raw: 	-0.04	-0.44	9.74	-0.00	0.00	0.01	10.32	6.21	20.66
LSM_raw: 	-0.03	-0.41	9.75	-0.00	-0.00	0.00	10.25	6.13	20.64
LSM_raw: 	-0.03	-0.40	9.70	-0.00	0.01	0.01	10.26	6.22	20.57
LSM_raw: 	-0.04	-0.39	9.72	-0.01	-0.00	0.00	10.26	6.22	20.57
LSM_raw: 	-0.03	-0.41	9.73	-0.00	0.01	0.01	10.30	6.13	20.45
LSM_raw: 	-0.06	-0.41	9.77	-0.00	-0.00	0.02	10.36	6.17	21.02
LSM_raw: 	-0.04	-0.40	9.74	-0.00	-0.01	0.01	10.31	6.10	20.46
LSM_raw: 	-0.03	-0.39	9.70	-0.00	0.00	-0.00	10.14	6.09	20.48
LSM_raw: 	-0.02	-0.39	9.69	-0.00	-0.00	0.01	10.14	6.09	20.48
LSM_raw: 	-0.03	-0.39	9.68	-0.00	-0.02	-0.00	10.31	6.19	21.17
LSM_raw: 	-0.05	-0.41	9.80	-0.01	0.01	0.01	10.29	6.13	20.92
LSM_raw: 	-0.05	-0.38	9.73	-0.01	0.01	0.01	10.16	6.13	20.59
LSM_raw: 	-0.06	-0.41	9.76	0.00	-0.00	0.00	10.29	6.13	20.53
LSM_raw: 	-0.06	-0.41	9.73	0.00	0.00	0.02	10.29	6.13	20.18
LSM_raw: 	-0.06	-0.43	9.75	-0.00	-0.00	0.00	10.23	6.24	20.18
LSM_raw: 	-0.03	-0.40	9.70	0.01	-0.02	0.02	10.21	6.17	20.92
LSM_raw: 	-0.04	-0.41	9.74	0.00	-0.00	0.01	10.27	6.08	20.48
LSM_raw: 	-0.05	-0.42	9.76	0.01	-0.00	0.00	10.28	6.13	20.61
LSM_raw: 	-0.05	-0.39	9.71	-0.00	-0.00	0.02	10.28	6.13	20.77
LSM_raw: 	-0.06	-0.43	9.68	0.00	-0.02	0.01	10.24	6.17	20.77
LSM_raw: 	-0.06	-0.40	9.72	0.01	0.01	-0.00	10.32	6.15	20.22
LSM_raw: 	-0.04	-0.42	9.72	-0.01	-0.01	0.02	10.29	6.15	20.70
LSM_raw: 	-0.05	-0.41	9.73	0.01	-0.01	-0.00	10.19	6.16	20.60
LSM_raw: 	-0.03	-0.41	9.67	0.00	-0.00	0.00	10.19	6.25	20.82
LSM_raw: 	-0.07	-0.42	9.72	0.01	0.00	0.01	10.19	6.25	20.82
LSM_raw: 	-0.06	-0.41	9.74	-0.02	-0.02	0.02	10.39	6.25	21.08
LSM_raw: 	-0.05	-0.41	9.74	0.01	-0.01	0.02	10.34	6.19	20.83
LSM_raw: 	-0.06	-0.40	9.73	0.00	-0.01	0.02	10.15	5.99	20.53
LSM_raw: 	-0.05	-0.45	9.74	-0.00	0.00	0.00	10.24	6.09	20.74
LSM_raw: 	-0.06	-0.42	9.70	-0.00	-0.00	0.01	10.24	6.09	20.74
LSM_raw: 	-0.05	-0.40	9.73	-0.00	0.00	0.01	10.33	6.17	20.80
LSM_raw: 	-0.04	-0.37	9.70	-0.00	-0.00	0.01	10.30	6.19	20.26
LSM_raw: 	-0.03	-0.42	9.73	-0.00	0.01	-0.00	10.25	6.13	20.40
LSM_raw: 	-0.04	-0.41	9.72	0.00	-0.00	0.01	10.15	6.18	20.84
LSM_raw: 	-0.04	-0.41	9.67	-0.00	0.01	0.01	10.15	6.18	20.84
LSM_raw: 	-0.07	-0.40	9.70	-0.00	-0.01	0.01	10.29	6.22	19.70
LSM_raw: 	-0.07	-0.40	9.71	-0.02	0.00	0.00	10.32	6.20	20.26
LSM_raw: 	-0.02	-0.40	9.73	0.01	0.01	0.01	10.24	6.14	20.53
LSM_raw: 	-0.03	-0.39	9.73	-0.00	-0.00	-0.01	10.23	6.09	20.57
LSM_raw: 	-0.05	-0.39	9.72	-0.00	-0.01	0.00	10.23	6.09	20.57
LSM_raw: 	-0.06	-0.39	9.71	0.01	-0.01	0.02	10.26	6.14	20.94
LSM_raw: 	-0.04	-0.41	9.71	-0.00	-0.01	0.01	10.22	6.09	20.44
LSM_raw: 	-0.08	-0.44	9.75	0.00	-0.00	0.01	10.23	6.22	20.48
LSM_raw: 	-0.06	-0.41	9.77	-0.01	0.01	0.00	10.25	6.25	20.59
LSM_raw: 	-0.07	-0.43	9.68	-0.00	-0.01	0.00	10.25	6.25	20.59
LSM_raw: 	-0.06	-0.39	9.70	-0.01	-0.01	0.01	10.23	6.17	20.61
LSM_raw: 	-0.07	-0.39	9.72	0.00	0.00	0.01	10.29	6.11	21.10
LSM_raw: 	-0.05	-0.42	9.74	-0.00	0.00	0.02	10.24	6.14	20.42
LSM_raw: 	-0.05	-0.40	9.73	0.00	-0.02	0.02	10.23	6.18	20.46
LSM_raw: 	-0.02	-0.39	9.74	-0.01	0.00	0.02	10.23	6.18	20.46
LSM_raw: 	-0.05	-0.41	9.73	0.01	0.01	0.01	10.21	6.25	20.65
LSM_raw: 	-0.04	-0.42	9.74	-0.00	0.00	0.01	10.38	6.20	20.00
LSM_raw: 	-0.03	-0.40	9.72	0.00	0.00	0.03	10.13	6.19	20.46
LSM_raw: 	-0.06	-0.41	9.72	-0.01	0.01	0.02	10.19	6.21	20.64
LSM_raw: 	-0.04	-0.41	9.70	0.00	-0.01	0.02	10.19	6.21	20.64
LSM_raw: 	-0.07	-0.41	9.74	0.02	-0.01	0.01	10.23	6.20	20.29
LSM_raw: 	-0.07	-0.40	9.67	-0.00	0.00	0.00	10.23	6.16	21.08
LSM_raw: 	-0.07	-0.41	9.78	-0.01	0.00	0.01	10.29	6.05	20.48
LSM_raw: 	-0.04	-0.38	9.72	-0.00	-0.01	0.02	10.18	6.08	20.48
LSM_raw: 	-0.03	-0.40	9.71	0.01	-0.01	-0.00	10.18	6.08	20.48
LSM_raw: 	-0.05	-0.40	9.73	0.02	0.00	0.01	10.22	6.11	20.68
LSM_raw: 	-0.04	-0.40	9.72	0.02	0.00	0.02	10.40	6.14	20.38
LSM_raw: 	-0.05	-0.41	9.73	0.01	0.00	0.02	10.16	6.24	20.52
LSM_raw: 	-0.03	-0.42	9.71	-0.01	-0.00	0.02	10.20	6.13	20.52
LSM_raw: 	-0.03	-0.40	9.70	0.00	0.01	0.01	10.20	6.13	20.44
LSM_raw: 	-0.07	-0.41	9.71	-0.01	-0.01	0.01	10.29	6.17	20.44
LSM_raw: 	-0.06	-0.43	9.76	-0.01	0.00	0.01	10.18	6.15	21.22
LSM_raw: 	-0.08	-0.39	9.72	-0.00	0.00	0.02	10.14	6.17	20.48
LSM_raw: 	-0.08	-0.39	9.69	0.01	-0.01	0.01	10.22	6.09	20.42
LSM_raw: 	-0.05	-0.40	9.67	-0.00	0.01	0.01	10.22	6.09	20.71
LSM_raw: 	-0.03	-0.38	9.76	-0.01	0.01	0.02	10.31	6.25	20.71
LSM_raw: 	-0.04	-0.40	9.77	0.01	-0.01	0.01	10.41	6.05	20.64
LSM_raw: 	-0.04	-0.40	9.70	-0.00	0.01	0.01	10.20	6.12	20.48
LSM_raw: 	-0.02	-0.43	9.73	0.00	0.01	0.02	10.22	6.13	20.52
LSM_raw: 	-0.05	-0.40	9.67	-0.01	-0.01	0.01	10.22	6.13	20.25
LSM_raw: 	-0.06	-0.42	9.70	-0.00	0.00	0.02	10.28	6.23	20.25
LSM_raw: 	-0.07	-0.42	9.74	0.01	-0.00	0.01	10.36	6.22	20.60
LSM_raw: 	-0.05	-0.42	9.76	-0.01	0.01	0.00	10.23	6.06	20.54
LSM_raw: 	-0.05	-0.43	9.75	-0.00	0.00	0.02	10.27	6.12	20.52
LSM_raw: 	-0.06	-0.41	9.71	0.01	-0.00	0.02	10.23	6.25	20.06
LSM_raw: 	-0.05	-0.38	9.69	-0.00	-0.00	0.01	10.23	6.25	20.06
LSM_raw: 	-0.03	-0.41	9.74	0.02	0.00	0.02	10.34	6.09	20.57
LSM_raw: 	-0.03	-0.39	9.72	0.00	0.00	0.01	10.31	6.13	20.54
LSM_raw: 	-0.02	-0.40	9.76	-0.01	-0.00	0.02	10.25	6.05	20.53
LSM_raw: 	-0.07	-0.41	9.71	-0.00	0.01	0.02	10.25	6.13	20.62
LSM_raw: 	-0.07	-0.39	9.72	0.01	-0.00	0.01	10.25	6.13	20.62
LSM_raw: 	-0.08	-0.41	9.74	0.01	-0.00	0.02	10.45	6.24	21.30
LSM_raw: 	-0.03	-0.42	9.76	0.01	-0.00	0.00	10.30	6.25	20.54
LSM_raw: 	-0.02	-0.40	9.74	0.01	0.01	0.01	10.29	6.09	20.59
LSM_raw: 	-0.02	-0.38	9.68	-0.00	0.00	0.01	10.14	6.17	20.71
LSM_raw: 	-0.04	-0.39	9.71	-0.00	-0.00	0.01	10.14	6.17	20.71
LSM_raw: 	-0.02	-0.39	9.71	0.00	0.00	0.01	10.34	6.09	19.47
LSM_raw: 	-0.03	-0.42	9.75	0.00	0.00	0.02	10.31	6.10	20.57
LSM_raw: 	-0.04	-0.39	9.76	0.00	0.00	0.02	10.26	6.15	20.47
LSM_raw: 	-0.06	-0.40	9.72	-0.01	0.00	0.01	10.17	6.25	21.04
LSM_raw: 	-0.07	-0.41	9.71	0.01	0.01	0.01	10.17	6.25	21.04
LSM_raw: 	-0.08	-0.41	9.70	-0.00	0.01	0.01	10.32	6.16	20.80
LSM_raw: 	-0.04	-0.40	9.75	0.01	-0.01	0.00	10.23	6.11	20.49
LSM_raw: 	-0.03	-0.41	9.74	-0.02	-0.01	0.02	10.25	6.14	20.43
LSM_raw: 	-0.03	-0.38	9.71	0.00	-0.01	0.00	10.25	6.14	20.43
LSM_raw: 	-0.04	-0.42	9.70	-0.01	0.00	0.02	10.27	6.22	20.05
LSM_raw: 	-0.02	-0.41	9.73	0.00	0.01	-0.00	10.38	6.07	20.83
LSM_raw: 	-0.04	-0.40	9.68	-0.01	0.01	0.01	10.25	6.13	20.52
LSM_raw: 	-0.04	-0.40	9.74	-0.00	-0.01	0.01	10.35	6.01	20.51
LSM_raw: 	-0.04	-0.41	9.72	0.00	-0.01	0.01	10.19	6.16	20.67
LSM_raw: 	-0.06	-0.41	9.74	-0.02	-0.00	0.01	10.19	6.16	20.67
LSM_raw: 	-0.05	-0.39	9.71	-0.01	-0.01	0.02	10.33	6.25	20.82
LSM_raw: 	-0.03	-0.40	9.70	0.01	0.01	0.01	10.15	6.14	20.39
LSM_raw: 	-0.05	-0.40	9.76	0.01	0.01	0.00	10.20	6.19	20.48
LSM_raw: 	-0.04	-0.40	9.68	0.01	0.00	0.02	10.17	6.09	20.88
LSM_raw: 	-0.03	-0.40	9.74	0.01	-0.00	0.00	10.17	6.09	20.88
LSM_raw: 	-0.05	-0.42	9.72	0.00	0.00	0.01	10.29	6.13	20.52
LSM_raw: 	-0.05	-0.41	9.71	0.01	-0.00	0.01	10.31	6.18	20.52
LSM_raw: 	-0.06	-0.40	9.77	-0.00	0.00	0.00	10.25	6.15	20.49
LSM_raw: 	-0.04	-0.40	9.69	0.00	-0.00	0.01	10.25	6.15	20.49
LSM_raw: 	-0.05	-0.38	9.73	-0.00	0.02	0.02	10.25	6.17	20.61
LSM_raw: 	-0.07	-0.42	9.77	-0.01	0.02	0.01	10.24	6.16	20.79
LSM_raw: 	-0.05	-0.41	9.77	0.00	0.00	0.02	10.28	6.07	20.31
LSM_raw: 	-0.06	-0.40	9.75	0.01	0.01	0.01	10.16	6.25	20.44
LSM_raw: 	-0.06	-0.41	9.69	0.01	-0.01	0.00	10.16	6.25	20.44
LSM_raw: 	-0.05	-0.41	9.71	-0.01	0.00	0.01	10.23	6.20	20.45
LSM_raw: 	-0.04	-0.39	9.75	-0.00	0.00	0.02	10.38	6.19	20.42
LSM_raw: 	-0.03	-0.40	9.76	0.00	-0.01	0.00	10.20	6.15	20.39
LSM_raw: 	-0.05	-0.41	9.74	0.00	0.00	0.01	10.25	6.09	20.42
LSM_raw: 	-0.05	-0.41	9.70	0.00	0.00	0.03	10.25	6.09	20.42
LSM_raw: 	-0.07	-0.40	9.69	0.00	0.01	0.01	10.28	6.28	20.02
LSM_raw: 	-0.04	-0.39	9.74	0.01	0.00	0.01	10.26	6.13	20.49
LSM_raw: 	-0.04	-0.41	9.74	0.00	-0.00	0.01	10.20	6.13	20.44
LSM_raw: 	-0.06	-0.39	9.73	0.00	0.00	0.01	10.18	6.07	20.37
LSM_raw: 	-0.04	-0.39	9.69	-0.00	-0.00	0.01	10.18	6.07	20.37
LSM_raw: 	-0.06	-0.40	9.70	-0.01	-0.00	0.00	10.37	6.16	20.37
LSM_raw: 	-0.07	-0.39	9.73	0.01	0.01	0.02	10.33	6.08	20.06
LSM_raw: 	-0.05	-0.40	9.73	-0.01	0.01	0.01	10.27	6.19	20.52
LSM_raw: 	-0.04	-0.38	9.75	-0.00	-0.00	0.00	10.25	5.99	20.41
LSM_raw: 	-0.06	-0.41	9.70	0.01	-0.01	0.01	10.25	5.99	20.22
LSM_raw: 	-0.05	-0.40	9.74	0.00	0.00	0.02	10.20	6.08	20.22
LSM_raw: 	-0.08	-0.40	9.68	0.00	0.01	0.02	10.42	6.26	20.33
LSM_raw: 	-0.04	-0.40	9.75	-0.01	-0.01	0.01	10.24	6.27	20.44
LSM_raw: 	-0.04	-0.41	9.73	-0.01	-0.01	0.02	10.35	6.17	20.46
LSM_raw: 	-0.03	-0.41	9.71	-0.02	-0.02	0.01	10.35	6.17	20.26
LSM_raw: 	-0.06	-0.41	9.72	0.00	0.01	0.01	10.21	6.24	20.26
LSM_raw: 	-0.05	-0.40	9.69	-0.00	-0.00	0.00	10.31	6.14	20.57
LSM_raw: 	-0.04	-0.39	9.70	0.01	0.01	0.00	10.30	6.21	20.48
LSM_raw: 	-0.04	-0.41	9.72	-0.01	0.00	0.01	10.34	6.28	20.33
LSM_raw: 	-0.02	-0.41	9.68	0.01	-0.01	0.02	10.34	6.13	20.23
LSM_raw: 	-0.05	-0.41	9.72	0.01	0.01	0.00	10.31	6.13	20.23
LSM_raw: 	-0.03	-0.42	9.73	-0.00	-0.00	0.03	10.24	6.20	20.97
LSM_raw: 	-0.06	-0.40	9.74	-0.01	-0.00	0.02	10.23	6.16	20.34
LSM_raw: 	-0.04	-0.41	9.73	0.00	-0.00	0.00	10.17	6.09	20.45
LSM_raw: 	-0.05	-0.40	9.68	0.00	-0.00	0.00	10.17	6.09	19.59
LSM_raw: 	-0.05	-0.41	9.72	-0.00	-0.01	0.01	10.24	6.19	19.59
LSM_raw: 	-0.05	-0.38	9.70	-0.00	-0.01	-0.00	10.31	6.07	20.22
LSM_raw: 	-0.04	-0.41	9.70	-0.01	0.02	0.01	10.27	6.05	20.41
LSM_raw: 	-0.02	-0.40	9.74	-0.00	-0.00	0.00	10.26	6.07	20.45
LSM_raw: 	-0.03	-0.38	9.69	-0.01	-0.01	0.01	10.29	6.12	20.67
LSM_raw: 	-0.02	-0.41	9.73	-0.00	0.01	0.01	10.29	6.12	20.67
LSM_raw: 	-0.06	-0.40	9.73	0.01	0.00	0.01	10.27	6.26	19.90
LSM_raw: 	-0.06	-0.40	9.73	-0.01	0.01	-0.00	10.22	6.16	20.39
LSM_raw: 	-0.03	-0.41	9.74	0.00	-0.00	0.02	10.31	6.23	20.39
LSM_raw: 	-0.05	-0.38	9.71	-0.02	0.00	0.00	10.22	6.09	19.92
LSM_raw: 	-0.03	-0.40	9.71	0.01	0.00	0.00	10.22	6.09	19.92
LSM_raw: 	-0.04	-0.42	9.72	0.01	0.00	0.01	10.33	6.08	20.74
LSM_raw: 	-0.05	-0.39	9.74	0.00	0.01	-0.00	10.35	6.32	20.54
LSM_raw: 	-0.05	-0.40	9.76	0.01	0.01	0.01	10.26	6.17	20.44
LSM_raw: 	-0.04	-0.40	9.67	0.01	-0.01	0.01	10.31	6.20	20.23
LSM_raw: 	-0.03	-0.41	9.68	0.01	0.01	0.02	10.31	6.20	20.23
LSM_raw: 	-0.07	-0.41	9.72	-0.00	0.01	0.02	10.37	6.17	20.59
LSM_raw: 	-0.03	-0.41	9.72	0.01	0.01	0.02	10.24	6.19	20.32
LSM_raw: 	-0.06	-0.40	9.73	-0.01	-0.01	0.01	10.32	6.16	20.34
LSM_raw: 	-0.05	-0.39	9.70	0.01	0.02	0.02	10.25	6.25	20.62
LSM_raw: 	-0.04	-0.40	9.70	-0.01	0.01	0.01	10.25	6.25	20.62
LSM_raw: 	-0.04	-0.41	9.71	0.01	0.00	0.02	10.19	6.27	20.23
LSM_raw: 	-0.05	-0.42	9.73	0.00	0.02	0.02	10.26	6.10	20.76
LSM_raw: 	-0.04	-0.41	9.73	-0.01	0.01	0.00	10.22	6.14	20.32
LSM_raw: 	-0.06	-0.40	9.67	0.01	0.00	0.01	10.19	6.12	20.62
LSM_raw: 	-0.05	-0.41	9.72	0.00	0.01	0.01	10.19	6.12	20.62
LSM_raw: 	-0.05	-0.39	9.73	-0.00	-0.01	0.01	10.39	6.14	20.85
LSM_raw: 	-0.06	-0.45	9.74	0.02	-0.01	0.01	10.23	6.16	20.42
LSM_raw: 	-0.04	-0.42	9.74	0.00	0.00	0.02	10.14	6.10	20.27
LSM_raw: 	-0.03	-0.41	9.72	0.01	0.01	0.02	10.25	6.05	20.38
LSM_raw: 	-0.04	-0.41	9.66	0.00	0.00	0.01	10.25	6.05	20.38
LSM_raw: 	-0.04	-0.41	9.72	0.01	0.01	0.02	10.30	6.23	20.61
LSM_raw: 	-0.04	-0.41	9.73	-0.01	0.01	0.01	10.32	6.22	20.70
LSM_raw: 	-0.04	-0.40	9.73	-0.01	-0.00	0.00	10.27	6.14	20.27
LSM_raw: 	-0.04	-0.40	9.72	0.01	-0.00	0.02	10.18	6.08	19.86
LSM_raw: 	-0.07	-0.40	9.69	-0.02	0.00	0.02	10.18	6.08	19.86
LSM_raw: 	-0.02	-0.42	9.73	-0.01	0.01	-0.00	10.35	6.13	20.94
LSM_raw: 	-0.07	-0.41	9.73	-0.00	-0.01	0.01	10.33	6.06	20.39
LSM_raw: 	-0.06	-0.42	9.73	0.00	-0.00	0.01	10.25	6.17	20.22
LSM_raw: 	-0.04	-0.42	9.71	0.00	0.01	0.01	10.26	6.17	20.00
LSM_raw: 	-0.04	-0.39	9.73	-0.01	0.02	-0.00	10.26	6.17	20.00
LSM_raw: 	-0.06	-0.40	9.72	0.00	-0.00	0.01	10.29	6.24	20.56
LSM_raw: 	-0.03	-0.40	9.73	-0.01	0.00	0.01	10.27	6.13	20.22
LSM_raw: 	-0.04	-0.40	9.75	0.02	-0.00	0.02	10.31	6.12	20.33
LSM_raw: 	-0.05	-0.41	9.68	-0.01	0.01	0.01	10.31	6.17	19.86
LSM_raw: 	-0.05	-0.41	9.71	0.00	0.01	0.01	10.31	6.17	19.86
LSM_raw: 	-0.05	-0.40	9.70	-0.01	0.01	0.02	10.37	6.00	20.38
LSM_raw: 	-0.04	-0.41	9.73	-0.00	0.01	0.01	10.31	6.13	20.27
LSM_raw: 	-0.05	-0.41	9.74	-0.00	0.00	0.01	10.20	6.09	20.26
LSM_raw: 	-0.05	-0.41	9.71	0.00	0.01	0.03	10.16	6.16	20.42
LSM_raw: 	-0.04	-0.41	9.70	0.01	-0.00	0.01	10.16	6.16	20.42
LSM_raw: 	-0.04	-0.39	9.69	-0.00	-0.01	0.01	10.31	6.17	20.56
LSM_raw: 	-0.05	-0.41	9.69	0.01	0.02	0.01	10.29	6.17	20.32
LSM_raw: 	-0.04	-0.40	9.72	-0.01	-0.00	0.02	10.24	6.14	20.25
LSM_raw: 	-0.06	-0.40	9.70	-0.01	0.00	0.01	10.15	6.17	20.38
LSM_raw: 	-0.04	-0.41	9.72	0.01	-0.01	0.02	10.15	6.17	20.38
LSM_raw: 	-0.06	-0.39	9.72	-0.01	-0.01	0.01	10.35	6.20	20.53
LSM_raw: 	-0.05	-0.39	9.69	0.01	0.01	0.03	10.37	6.17	20.36
LSM_raw: 	-0.04	-0.40	9.75	-0.00	-0.00	0.01	10.23	6.16	20.34
LSM_raw: 	-0.04	-0.40	9.72	-0.00	-0.01	0.01	10.14	6.09	20.28
LSM_raw: 	-0.05	-0.42	9.71	-0.01	0.01	0.01	10.14	6.09	20.28
LSM_raw: 	-0.08	-0.40	9.73	0.01	-0.00	0.01	10.30	6.12	20.56
LSM_raw: 	-0.06	-0.40	9.71	-0.01	0.00	0.01	10.35	6.10	20.33
LSM_raw: 	-0.05	-0.38	9.73	-0.01	-0.01	0.00	10.20	6.16	20.37
LSM_raw: 	-0.04	-0.40	9.69	0.00	-0.01	0.01	10.26	6.17	20.30
LSM_raw: 	-0.05	-0.42	9.73	0.01	0.01	0.00	10.26	6.17	20.30
LSM_raw: 	-0.05	-0.43	9.76	-0.01	0.00	0.01	10.29	6.12	20.41
LSM_raw: 	-0.07	-0.39	9.75	0.01	0.00	0.00	10.29	6.08	20.46
LSM_raw: 	-0.03	-0.42	9.73	0.01	0.00	0.02	10.23	6.09	20.30
LSM_raw: 	-0.02	-0.40	9.71	0.01	-0.01	0.01	10.25	6.13	20.26
LSM_raw: 	-0.04	-0.39	9.70	-0.02	0.01	0.00	10.25	6.13	20.26
LSM_raw: 	-0.04	-0.41	9.69	0.01	0.01	0.02	10.29	6.10	20.08
LSM_raw: 	-0.05	-0.39	9.71	-0.01	-0.00	-0.00	10.27	6.10	20.13
LSM_raw: 	-0.05	-0.40	9.73	0.00	-0.00	-0.00	10.25	6.11	20.43
LSM_raw: 	-0.02	-0.39	9.71	0.01	0.01	-0.00	10.15	6.33	20.45
LSM_raw: 	-0.05	-0.42	9.73	0.00	0.01	0.02	10.15	6.33	20.45
LSM_raw: 	-0.06	-0.39	9.73	-0.01	0.00	0.01	10.35	6.28	20.38
LSM_raw: 	-0.06	-0.39	9.73	-0.01	0.01	0.00	10.33	6.17	20.64
LSM_raw: 	-0.05	-0.42	9.71	0.00	0.01	0.01	10.17	6.17	20.35
LSM_raw: 	-0.06	-0.43	9.70	0.01	-0.02	0.02	10.20	6.16	20.30
LSM_raw: 	-0.04	-0.40	9.70	0.00	0.00	0.01	10.20	6.16	20.30
LSM_raw: 	-0.04	-0.38	9.69	-0.01	-0.01	0.01	10.31	6.23	20.72
LSM_raw: 	-0.05	-0.41	9.76	0.01	-0.00	0.01	10.32	6.12	20.09
LSM_raw: 	-0.06	-0.40	9.73	0.01	-0.01	0.01	10.19	6.17	20.37
LSM_raw: 	-0.06	-0.42	9.66	0.01	-0.00	0.00	10.27	6.19	20.30
LSM_raw: 	-0.04	-0.39	9.69	-0.00	0.01	0.01	10.27	6.19	20.30
LSM_raw: 	-0.03	-0.40	9.73	0.00	-0.00	0.00	10.28	6.15	19.96
LSM_raw: 	-0.06	-0.41	9.74	-0.02	-0.01	0.02	10.38	6.05	21.10
LSM_raw: 	-0.07	-0.41	9.72	0.01	0.01	0.01	10.31	6.28	20.36
LSM_raw: 	-0.04	-0.40	9.71	0.01	0.00	0.01	10.26	6.17	20.39
LSM_raw: 	-0.05	-0.39	9.67	0.01	0.00	0.01	10.26	6.17	20.39
LSM_raw: 	-0.05	-0.40	9.71	0.00	0.01	0.02	10.27	6.16	20.48
LSM_raw: 	-0.03	-0.40	9.72	-0.00	-0.00	0.02	10.30	6.21	20.59
LSM_raw: 	-0.04	-0.43	9.71	0.00	-0.01	0.00	10.26	6.24	20.42
LSM_raw: 	-0.06	-0.42	9.72	0.01	-0.00	0.02	10.23	6.22	20.38
LSM_raw: 	-0.04	-0.41	9.68	0.01	-0.00	0.02	10.23	6.22	20.38
LSM_raw: 	-0.05	-0.41	9.72	-0.00	0.00	0.01	10.30	6.15	21.05
LSM_raw: 	-0.05	-0.40	9.71	0.00	0.01	0.02	10.35	6.16	20.46
LSM_raw: 	-0.04	-0.41	9.73	-0.01	-0.00	0.01	10.11	6.15	20.39
LSM_raw: 	-0.06	-0.40	9.70	-0.00	0.01	0.02	10.19	6.14	20.30
LSM_raw: 	-0.05	-0.41	9.70	-0.01	0.00	0.00	10.19	6.14	20.30
LSM_raw: 	-0.08	-0.40	9.71	0.00	0.01	0.02	10.30	6.22	20.40
LSM_raw: 	-0.07	-0.41	9.71	0.01	0.01	0.01	10.36	6.04	20.92
LSM_raw: 	-0.04	-0.40	9.69	-0.00	0.00	0.01	10.17	6.14	20.20
LSM_raw: 	-0.07	-0.39	9.71	0.01	-0.01	0.02	10.08	6.15	20.28
LSM_raw: 	-0.03	-0.40	9.68	-0.01	0.00	0.01	10.08	6.15	20.28
LSM_raw: 	-0.05	-0.41	9.74	-0.00	-0.00	0.01	10.25	6.24	19.90
LSM_raw: 	-0.03	-0.39	9.75	0.00	-0.00	0.01	10.31	6.23	21.30
LSM_raw: 	-0.04	-0.40	9.74	0.01	0.00	0.01	10.28	6.20	20.28
LSM_raw: 	-0.04	-0.40	9.73	-0.01	0.01	0.02	10.19	6.05	20.08
LSM_raw: 	-0.07	-0.43	9.65	-0.00	-0.01	-0.00	10.19	6.05	20.08
LSM_raw: 	-0.04	-0.42	9.70	0.00	0.01	0.01	10.21	6.20	19.19
LSM_raw: 	-0.06	-0.41	9.73	0.00	-0.00	0.01	10.27	6.13	20.39
LSM_raw: 	-0.05	-0.41	9.73	0.00	-0.00	0.01	10.27	6.31	20.34
LSM_raw: 	-0.03	-0.39	9.72	0.00	0.01	0.01	10.31	6.23	20.30
LSM_raw: 	-0.02	-0.42	9.70	-0.01	0.00	0.02	10.31	6.23	20.30
LSM_raw: 	-0.02	-0.41	9.72	0.02	-0.00	0.02	10.23	6.09	19.73
LSM_raw: 	-0.04	-0.41	9.77	0.00	0.01	0.01	10.27	6.21	20.71
LSM_raw: 	-0.05	-0.41	9.74	-0.00	0.00	0.00	10.23	6.17	20.33
LSM_raw: 	-0.03	-0.40	9.72	-0.00	0.01	0.00	10.19	6.21	20.25
LSM_raw: 	-0.05	-0.41	9.68	0.00	0.00	0.02	10.19	6.21	20.25
LSM_raw: 	-0.05	-0.42	9.70	-0.01	0.00	0.00	10.26	6.32	20.52
LSM_raw: 	-0.03	-0.40	9.69	0.00	0.00	0.01	10.23	6.21	20.55
LSM_raw: 	-0.08	-0.39	9.73	0.01	-0.00	0.01	10.16	6.13	20.43
LSM_raw: 	-0.05	-0.41	9.69	0.01	0.00	0.03	10.33	6.19	20.26
LSM_raw: 	-0.04	-0.40	9.69	0.00	0.01	0.01	10.33	6.19	20.26
LSM_raw: 	-0.03	-0.41	9.71	0.01	0.01	0.01	10.34	6.22	20.74
LSM_raw: 	-0.06	-0.41	9.71	0.01	0.01	0.02	10.36	6.11	20.04
LSM_raw: 	-0.03	-0.40	9.76	-0.00	-0.00	0.01	10.19	6.22	20.24
LSM_raw: 	-0.04	-0.41	9.71	0.01	0.00	0.02	10.15	6.09	20.20
LSM_raw: 	-0.04	-0.40	9.70	0.01	0.00	0.02	10.15	6.09	20.20
LSM_raw: 	-0.04	-0.40	9.72	0.01	-0.00	0.02	10.34	6.09	21.06
LSM_raw: 	-0.05	-0.42	9.73	-0.02	-0.00	0.01	10.31	6.12	20.26
LSM_raw: 	-0.04	-0.40	9.71	0.01	-0.00	0.02	10.32	6.13	20.12
LSM_raw: 	-0.04	-0.40	9.70	-0.01	-0.00	0.01	10.07	6.15	20.15
LSM_raw: 	-0.05	-0.40	9.71	0.01	0.00	-0.00	10.07	6.15	20.15
LSM_raw: 	-0.05	-0.42	9.74	-0.00	-0.01	0.01	10.22	6.10	20.38
LSM_raw: 	-0.05	-0.39	9.73	-0.02	-0.00	0.00	10.38	6.13	19.79
LSM_raw: 	-0.06	-0.38	9.72	0.00	0.00	0.03	10.28	6.24	20.21
LSM_raw: 	-0.01	-0.41	9.72	-0.01	0.00	0.00	10.23	6.18	20.17
LSM_raw: 	-0.04	-0.43	9.68	0.01	0.02	0.00	10.23	6.18	20.17
LSM_raw: 	-0.04	-0.40	9.75	0.00	-0.00	0.01	10.35	6.09	20.48
LSM_raw: 	-0.06	-0.39	9.74	-0.01	-0.01	0.01	10.37	6.13	20.35
LSM_raw: 	-0.03	-0.40	9.76	-0.01	-0.01	0.01	10.25	6.19	20.21
LSM_raw: 	-0.04	-0.41	9.72	-0.01	-0.00	0.01	10.22	6.11	20.18
LSM_raw: 	-0.06	-0.40	9.70	-0.01	-0.01	0.00	10.22	6.11	20.18
LSM_raw: 	-0.05	-0.40	9.70	0.00	0.01	0.01	10.39	6.13	19.50
LSM_raw: 	-0.03	-0.40	9.78	-0.00	0.01	0.01	10.39	6.20	20.43
LSM_raw: 	-0.05	-0.42	9.67	0.01	-0.00	0.01	10.22	6.08	20.33
LSM_raw: 	-0.03	-0.42	9.68	0.01	-0.00	0.01	10.22	6.11	20.22
LSM_raw: 	-0.06	-0.38	9.75	-0.01	0.00	0.02	10.22	6.11	20.22
LSM_raw: 	-0.03	-0.41	9.73	-0.01	-0.01	0.01	10.31	6.17	20.56
LSM_raw: 	-0.01	-0.39	9.70	-0.01	-0.00	0.02	10.27	6.28	19.67
LSM_raw: 	-0.06	-0.42	9.71	-0.01	0.00	0.02	10.19	6.13	20.10
LSM_raw: 	-0.03	-0.42	9.71	0.01	0.00	0.02	10.22	6.12	20.09
LSM_raw: 	-0.05	-0.39	9.69	0.00	-0.01	0.01	10.22	6.12	20.09
LSM_raw: 	-0.05	-0.39	9.72	-0.00	-0.01	0.01	10.31	6.15	20.17
LSM_raw: 	-0.08	-0.40	9.71	0.01	-0.00	0.00	10.40	6.17	19.95
LSM_raw: 	-0.05	-0.40	9.71	-0.01	-0.01	0.00	10.30	6.15	20.21
LSM_raw: 	-0.05	-0.40	9.68	-0.00	-0.01	0.02	10.17	6.08	20.20
LSM_raw: 	-0.05	-0.40	9.70	0.00	0.00	0.01	10.17	6.08	20.20
LSM_raw: 	-0.05	-0.38	9.68	-0.00	-0.00	0.01	10.32	6.13	20.00
LSM_raw: 	-0.04	-0.41	9.73	-0.01	0.01	0.02	10.34	6.13	20.44
LSM_raw: 	-0.05	-0.41	9.72	-0.01	0.00	0.02	10.29	6.10	20.34
LSM_raw: 	-0.04	-0.42	9.70	0.01	-0.00	0.01	10.37	6.22	20.21
LSM_raw: 	-0.04	-0.39	9.71	0.01	0.01	0.01	10.37	6.22	20.21
LSM_raw: 	-0.07	-0.41	9.69	-0.01	-0.01	0.02	10.33	6.21	20.14
LSM_raw: 	-0.06	-0.40	9.74	0.00	0.01	0.02	10.35	6.13	20.14
LSM_raw: 	-0.03	-0.38	9.73	0.00	0.00	0.01	10.15	6.06	20.27
LSM_raw: 	-0.06	-0.41	9.72	-0.01	0.01	0.01	10.30	6.16	20.21
LSM_raw: 	-0.03	-0.41	9.72	0.01	-0.02	0.01	10.30	6.16	20.21
LSM_raw: 	-0.06	-0.39	9.71	-0.00	-0.01	0.00	10.31	6.27	20.58
LSM_raw: 	-0.04	-0.40	9.72	-0.01	-0.00	0.01	10.39	6.16	20.12
LSM_raw: 	-0.06	-0.40	9.71	-0.00	-0.01	0.01	10.26	6.01	20.34
LSM_raw: 	-0.05	-0.42	9.70	-0.00	0.01	0.02	10.12	6.11	20.33
LSM_raw: 	-0.02	-0.37	9.71	0.02	-0.00	0.01	10.31	6.12	20.36
LSM_raw: 	-0.06	-0.41	9.72	0.00	0.00	0.00	10.31	6.12	20.36
LSM_raw: 	-0.07	-0.39	9.74	-0.00	0.00	0.02	10.38	6.21	20.66
LSM_raw: 	-0.06	-0.40	9.72	-0.00	0.01	0.01	10.27	6.10	20.22
LSM_raw: 	-0.04	-0.40	9.73	0.00	0.00	0.01	10.11	6.10	20.25
LSM_raw: 	-0.07	-0.41	9.72	-0.00	-0.01	0.01	10.11	6.10	20.25
LSM_raw: 	-0.05	-0.41	9.69	-0.00	-0.01	0.02	10.30	6.09	20.02
LSM_raw: 	-0.05	-0.41	9.72	0.01	-0.00	0.02	10.32	6.29	20.40
LSM_raw: 	-0.03	-0.38	9.72	-0.01	-0.00	0.01	10.27	6.26	20.12
LSM_raw: 	-0.04	-0.41	9.69	-0.01	-0.01	0.01	10.20	6.15	20.25
LSM_raw: 	-0.06	-0.41	9.68	0.01	0.01	0.00	10.20	6.15	20.25
LSM_raw: 	-0.04	-0.40	9.75	0.01	-0.00	0.01	10.27	6.07	20.52
LSM_raw: 	-0.05	-0.40	9.69	-0.00	0.01	0.01	10.32	6.09	20.82
LSM_raw: 	-0.05	-0.40	9.73	-0.00	-0.00	0.02	10.30	6.08	20.30
LSM_raw: 	-0.06	-0.39	9.72	0.00	0.01	0.01	10.27	6.21	20.30
LSM_raw: 	-0.06	-0.40	9.70	-0.00	-0.01	0.01	10.27	6.21	20.30
LSM_raw: 	-0.04	-0.40	9.72	0.02	0.02	0.01	10.31	6.11	21.10
LSM_raw: 	-0.06	-0.40	9.75	0.01	0.00	0.01	10.27	6.13	19.95
LSM_raw: 	-0.06	-0.43	9.70	-0.00	0.02	0.02	10.24	6.01	20.29
LSM_raw: 	-0.03	-0.41	9.77	-0.00	0.01	0.01	10.21	6.16	20.15
LSM_raw: 	-0.06	-0.41	9.69	0.02	0.01	0.02	10.21	6.16	20.15
LSM_raw: 	-0.05	-0.42	9.72	-0.01	0.00	0.01	10.27	6.13	20.44
LSM_raw: 	-0.03	-0.40	9.72	-0.00	-0.00	0.01	10.31	6.16	20.93
LSM_raw: 	-0.04	-0.40	9.76	-0.01	-0.00	0.02	10.19	6.03	20.37
LSM_raw: 	-0.05	-0.40	9.75	0.00	0.00	0.00	10.23	6.19	20.41
LSM_raw: 	-0.04	-0.40	9.70	-0.00	0.00	0.00	10.23	6.19	20.41
LSM_raw: 	-0.04	-0.41	9.71	-0.01	0.00	0.01	10.33	6.12	20.82
LSM_raw: 	-0.04	-0.40	9.75	-0.01	-0.01	0.01	10.31	6.18	20.92
LSM_raw: 	-0.04	-0.40	9.77	-0.01	-0.01	0.02	10.25	6.08	20.39
LSM_raw: 	-0.03	-0.41	9.75	0.01	-0.00	0.01	10.27	6.15	20.29
LSM_raw: 	-0.05	-0.44	9.71	0.01	0.00	0.02	10.27	6.15	20.29
LSM_raw: 	-0.07	-0.41	9.72	0.01	-0.00	0.01	10.35	6.20	19.90
LSM_raw: 	-0.06	-0.38	9.72	0.00	-0.01	0.01	10.35	6.03	19.53
LSM_raw: 	-0.04	-0.39	9.74	-0.02	0.01	0.01	10.22	6.18	20.32
LSM_raw: 	-0.02	-0.39	9.73	-0.01	-0.00	-0.00	10.17	6.22	20.26
LSM_raw: 	-0.04	-0.42	9.71	-0.01	0.00	0.00	10.17	6.22	20.26
LSM_raw: 	-0.04	-0.42	9.74	0.01	-0.01	0.02	10.35	6.16	20.34
LSM_raw: 	-0.05	-0.40	9.71	0.00	0.00	0.01	10.35	6.04	20.90
LSM_raw: 	-0.06	-0.39	9.68	-0.01	0.02	0.02	10.25	6.13	20.39
LSM_raw: 	-0.04	-0.40	9.73	0.01	0.02	0.01	10.23	6.10	20.26
LSM_raw: 	-0.04	-0.40	9.70	-0.02	0.00	0.01	10.23	6.10	20.26
LSM_raw: 	-0.03	-0.41	9.74	0.00	-0.00	0.00	10.18	6.21	20.76
LSM_raw: 	-0.05	-0.40	9.68	0.01	-0.00	0.02	10.35	5.97	19.80
LSM_raw: 	-0.01	-0.42	9.71	0.00	-0.00	0.01	10.27	6.09	20.39
LSM_raw: 	-0.03	-0.41	9.71	0.01	0.00	0.02	10.19	6.13	20.28
LSM_raw: 	-0.04	-0.39	9.70	-0.00	0.01	0.02	10.19	6.13	20.28
LSM_raw: 	-0.05	-0.40	9.73	0.01	0.00	0.02	10.39	6.16	20.51
LSM_raw: 	-0.05	-0.41	9.74	0.00	-0.01	0.02	10.27	6.18	21.10
LSM_raw: 	-0.05	-0.42	9.71	0.00	0.01	0.01	10.25	6.02	20.32
LSM_raw: 	-0.03	-0.42	9.74	-0.01	0.01	0.01	10.20	6.01	20.46
LSM_raw: 	-0.06	-0.42	9.67	0.01	0.01	0.01	10.20	6.06	20.63
LSM_raw: 	-0.03	-0.40	9.69	-0.00	0.00	-0.01	10.30	6.06	20.63
LSM_raw: 	-0.06	-0.40	9.72	0.00	0.00	-0.00	10.33	6.28	19.79
LSM_raw: 	-0.04	-0.39	9.75	-0.01	-0.01	0.02	10.29	6.13	20.37
LSM_raw: 	-0.06	-0.42	9.74	0.01	0.00	0.01	10.16	6.17	20.44
LSM_raw: 	-0.05	-0.41	9.66	0.00	0.01	0.02	10.17	6.12	20.33
LSM_raw: 	-0.04	-0.42	9.71	-0.00	-0.01	0.00	10.17	6.12	20.33
LSM_raw: 	-0.04	-0.42	9.75	0.01	0.01	0.01	10.35	6.03	20.61
LSM_raw: 	-0.03	-0.42	9.74	-0.02	0.00	0.01	10.31	6.10	20.34
LSM_raw: 	-0.06	-0.38	9.73	0.01	0.01	0.02	10.22	6.09	20.36
LSM_raw: 	-0.04	-0.40	9.68	0.01	0.01	0.02	10.22	6.09	20.32
LSM_raw: 	-0.06	-0.40	9.70	0.01	0.01	0.00	10.23	6.09	20.32
LSM_raw: 	-0.04	-0.41	9.74	0.00	0.00	0.01	10.32	6.05	20.83
LSM_raw: 	-0.04	-0.42	9.70	-0.01	-0.01	0.01	10.26	6.08	20.47
LSM_raw: 	-0.05	-0.43	9.73	-0.01	-0.00	0.01	10.31	6.19	20.32
LSM_raw: 	-0.06	-0.41	9.70	-0.00	-0.01	-0.01	10.24	6.14	19.99
LSM_raw: 	-0.04	-0.41	9.70	-0.00	-0.02	0.00	10.24	6.14	19.99
LSM_raw: 	-0.05	-0.40	9.73	0.00	0.00	0.01	10.35	6.02	20.24
LSM_raw: 	-0.05	-0.42	9.69	0.01	0.00	0.02	10.27	6.22	20.54
LSM_raw: 	-0.04	-0.37	9.73	-0.00	-0.01	0.01	10.31	6.17	20.18
LSM_raw: 	-0.03	-0.42	9.69	0.00	0.01	0.01	10.31	6.28	20.74
LSM_raw: 	-0.06	-0.40	9.67	-0.01	0.01	0.00	10.31	6.28	20.74
LSM_raw: 	-0.04	-0.43	9.77	-0.00	-0.00	0.01	10.29	6.14	20.00
LSM_raw: 	-0.07	-0.40	9.68	0.00	-0.00	0.01	10.31	6.09	20.40
LSM_raw: 	-0.03	-0.41	9.72	-0.01	0.00	0.00	10.19	6.13	20.32
LSM_raw: 	-0.06	-0.42	9.74	-0.00	0.01	0.01	10.19	6.09	20.79
LSM_raw: 	-0.07	-0.39	9.68	-0.01	0.01	-0.00	10.35	6.09	20.79
LSM_raw: 	-0.05	-0.42	9.76	0.00	-0.00	0.00	10.35	6.14	20.21
LSM_raw: 	-0.05	-0.37	9.73	-0.01	0.00	0.01	10.43	6.11	20.48
LSM_raw: 	-0.06	-0.39	9.74	0.00	-0.00	-0.00	10.25	6.16	20.26
LSM_raw: 	-0.05	-0.39	9.72	0.01	-0.01	0.02	10.23	6.11	20.55
LSM_raw: 	-0.02	-0.40	9.72	0.00	-0.00	0.02	10.23	6.11	20.55
LSM_raw: 	-0.05	-0.40	9.75	0.00	0.00	0.01	10.37	6.09	20.57
LSM_raw: 	-0.03	-0.41	9.73	0.02	-0.01	0.01	10.31	6.04	20.48
LSM_raw: 	-0.03	-0.38	9.73	0.01	-0.00	0.01	10.35	6.21	20.31
LSM_raw: 	-0.05	-0.38	9.71	0.00	-0.01	0.02	10.35	6.24	20.27
LSM_raw: 	-0.05	-0.41	9.72	0.00	0.01	0.01	10.21	6.24	20.27
LSM_raw: 	-0.05	-0.38	9.70	-0.01	0.00	0.01	10.40	6.05	19.50
LSM_raw: 	-0.06	-0.42	9.76	0.01	0.00	0.01	10.17	6.18	20.39
LSM_raw: 	-0.05	-0.41	9.74	0.00	0.00	0.03	10.27	6.10	20.35
LSM_raw: 	-0.02	-0.39	9.73	0.00	-0.00	0.01	10.27	6.15	20.29
LSM_raw: 	-0.04	-0.39	9.73	-0.01	0.00	0.01	10.27	6.15	20.29
LSM_raw: 	-0.06	-0.42	9.73	0.01	-0.00	0.02	10.35	6.13	19.90
LSM_raw: 	-0.06	-0.40	9.78	0.00	-0.00	0.01	10.22	6.05	20.35
LSM_raw: 	-0.05	-0.40	9.73	-0.00	0.00	0.01	10.27	6.07	20.43
LSM_raw: 	-0.08	-0.38	9.72	0.01	0.00	0.01	10.33	6.29	20.47
LSM_raw: 	-0.05	-0.40	9.72	0.00	-0.01	0.01	10.33	6.29	20.47
LSM_raw: 	-0.03	-0.39	9.74	0.01	-0.00	0.03	10.32	6.17	20.61
LSM_raw: 	-0.06	-0.39	9.73	-0.01	0.01	0.02	10.23	6.28	20.40
LSM_raw: 	-0.06	-0.41	9.73	-0.01	-0.00	0.00	10.16	6.07	20.28
LSM_raw: 	-0.02	-0.41	9.70	-0.00	0.02	0.03	10.16	6.21	20.34
LSM_raw: 	-0.05	-0.40	9.73	0.00	0.01	0.01	10.27	6.21	20.34
LSM_raw: 	-0.04	-0.41	9.73	-0.01	0.00	0.02	10.39	6.17	19.82
LSM_raw: 	-0.06	-0.41	9.79	-0.00	0.01	0.02	10.20	6.21	20.30
LSM_raw: 	-0.03	-0.41	9.73	-0.01	-0.01	0.01	10.26	6.05	20.42
LSM_raw: 	-0.04	-0.40	9.72	-0.00	-0.00	0.01	10.22	6.22	20.54
LSM_raw: 	-0.04	-0.41	9.74	0.00	0.00	0.00	10.22	6.22	20.54
LSM_raw: 	-0.03	-0.40	9.73	-0.00	0.00	0.01	10.39	6.29	20.70
LSM_raw: 	-0.06	-0.41	9.75	0.00	0.00	-0.00	10.23	6.12	20.26
LSM_raw: 	-0.05	-0.40	9.74	-0.01	-0.00	0.02	10.22	6.00	20.33
LSM_raw: 	-0.03	-0.40	9.66	-0.01	-0.00	0.01	10.20	6.04	20.55
LSM_raw: 	-0.04	-0.39	9.72	-0.01	0.01	0.01	10.20	6.04	20.55
LSM_raw: 	-0.06	-0.40	9.72	-0.01	-0.00	0.01	10.36	6.11	20.45
LSM_raw: 	-0.04	-0.40	9.72	-0.01	0.01	0.01	10.29	6.14	20.33
LSM_raw: 	-0.02	-0.41	9.76	-0.00	0.01	0.00	10.22	6.17	20.43
LSM_raw: 	-0.03	-0.39	9.70	-0.01	0.01	0.01	10.19	6.28	20.41
LSM_raw: 	-0.04	-0.39	9.72	0.00	0.00	0.01	10.19	6.28	20.41
LSM_raw: 	-0.07	-0.40	9.75	0.01	0.00	0.01	10.31	6.07	19.74
LSM_raw: 	-0.03	-0.42	9.73	0.00	0.00	0.01	10.27	6.13	20.48
LSM_raw: 	-0.06	-0.39	9.76	-0.00	0.00	0.01	10.31	6.13	20.38
LSM_raw: 	-0.04	-0.40	9.71	-0.01	-0.00	0.01	10.22	6.09	20.64
LSM_raw: 	-0.05	-0.39	9.76	0.00	-0.00	0.01	10.22	6.09	20.64
LSM_raw: 	-0.05	-0.38	9.71	-0.00	0.01	0.00	10.31	6.14	20.58
LSM_raw: 	-0.06	-0.42	9.74	0.00	-0.01	0.01	10.30	6.13	20.45
LSM_raw: 	-0.05	-0.39	9.76	0.02	0.00	0.02	10.19	6.09	20.34
LSM_raw: 	-0.03	-0.41	9.73	-0.00	0.00	0.01	10.25	6.23	20.61
LSM_raw: 	-0.03	-0.38	9.71	0.00	0.00	0.02	10.25	6.23	20.61
LSM_raw: 	-0.07	-0.40	9.75	-0.00	-0.01	0.01	10.35	6.19	20.29
LSM_raw: 	-0.03	-0.40	9.74	-0.01	-0.01	0.01	10.26	6.27	20.33
LSM_raw: 	-0.05	-0.40	9.74	-0.01	0.00	0.01	10.29	6.02	20.35
LSM_raw: 	-0.04	-0.40	9.69	0.00	-0.00	0.01	10.19	6.13	20.95
LSM_raw: 	-0.03	-0.42	9.75	0.00	-0.00	0.02	10.19	6.13	20.95
LSM_raw: 	-0.03	-0.42	9.77	-0.00	-0.01	0.01	10.31	6.11	20.79
LSM_raw: 	-0.03	-0.41	9.75	-0.00	0.00	0.01	10.23	6.10	20.43
LSM_raw: 	-0.03	-0.37	9.72	0.00	-0.00	0.01	10.30	6.18	20.46
LSM_raw: 	-0.03	-0.40	9.68	-0.01	0.01	0.01	10.30	6.18	20.46
LSM_raw: 	-0.04	-0.41	9.73	-0.00	0.01	0.01	10.30	6.07	20.21
LSM_raw: 	-0.02	-0.39	9.73	0.00	-0.01	0.00	10.29	6.09	21.05
LSM_raw: 	-0.05	-0.42	9.74	0.01	-0.00	0.01	10.19	6.07	20.42
LSM_raw: 	-0.04	-0.41	9.73	-0.02	0.00	0.01	10.28	6.13	20.30
LSM_raw: 	-0.04	-0.40	9.73	-0.01	0.01	0.01	10.28	6.13	20.30
LSM_raw: 	-0.06	-0.38	9.73	0.01	0.00	0.00	10.39	6.09	19.66
LSM_raw: 	-0.05	-0.40	9.72	-0.01	0.01	0.03	10.32	6.09	19.95
LSM_raw: 	-0.04	-0.41	9.73	-0.01	-0.00	0.02	10.26	6.02	20.54
LSM_raw: 	-0.05	-0.41	9.75	0.01	0.01	0.02	10.30	6.08	20.44
LSM_raw: 	-0.05	-0.40	9.74	-0.00	0.00	0.01	10.29	6.14	20.29
LSM_raw: 	-0.04	-0.40	9.76	-0.00	0.02	0.01	10.29	6.14	20.29
LSM_raw: 	-0.05	-0.41	9.72	0.00	0.01	0.02	10.33	6.13	20.99
LSM_raw: 	-0.05	-0.40	9.74	0.00	0.00	0.01	10.37	6.02	20.49
LSM_raw: 	-0.04	-0.39	9.74	0.00	0.00	0.00	10.22	6.13	20.38
LSM_raw: 	-0.06	-0.41	9.69	-0.00	-0.01	0.01	10.22	6.13	20.38
LSM_raw: 	-0.04	-0.41	9.71	0.01	-0.01	0.01	10.25	6.21	21.21
LSM_raw: 	-0.05	-0.40	9.75	0.01	0.00	0.00	10.33	6.20	20.92
LSM_raw: 	-0.02	-0.40	9.77	0.01	0.00	0.02	10.35	6.14	20.44
LSM_raw: 	-0.07	-0.40	9.75	-0.00	0.01	0.02	10.23	6.09	20.52
LSM_raw: 	-0.05	-0.41	9.72	0.01	-0.00	0.01	10.23	6.09	20.52
LSM_raw: 	-0.07	-0.41	9.70	-0.01	0.01	0.01	10.24	6.03	19.98
LSM_raw: 	-0.04	-0.42	9.73	0.01	-0.01	0.02	10.30	6.24	20.47
LSM_raw: 	-0.04	-0.40	9.75	0.00	0.02	0.01	10.35	6.13	20.43
LSM_raw: 	-0.06	-0.40	9.79	-0.00	-0.01	0.01	10.30	6.16	20.50
LSM_raw: 	-0.06	-0.40	9.70	0.01	0.00	0.01	10.30	6.16	20.50
LSM_raw: 	-0.04	-0.42	9.74	-0.01	-0.00	0.02	10.23	6.13	20.77
LSM_raw: 	-0.03	-0.39	9.73	0.01	-0.01	0.01	10.32	6.22	20.76
LSM_raw: 	-0.04	-0.41	9.71	-0.01	0.01	0.01	10.24	6.09	20.53
LSM_raw: 	-0.02	-0.39	9.75	0.01	0.01	0.01	10.34	6.14	20.54
LSM_raw: 	-0.06	-0.42	9.71	0.01	-0.00	0.01	10.34	6.14	20.54
LSM_raw: 	-0.05	-0.41	9.71	-0.01	-0.01	0.01	10.26	6.16	20.70
LSM_raw: 	-0.07	-0.39	9.71	0.01	0.01	0.02	10.35	6.01	20.93
LSM_raw: 	-0.04	-0.41	9.75	0.01	-0.00	0.01	10.15	6.10	20.55
LSM_raw: 	-0.03	-0.40	9.74	0.00	0.01	0.01	10.23	6.04	20.53
LSM_raw: 	-0.06	-0.40	9.73	-0.01	-0.01	0.02	10.23	6.04	20.53
LSM_raw: 	-0.05	-0.41	9.71	-0.00	0.01	0.02	10.34	6.14	20.92
LSM_raw: 	-0.05	-0.40	9.76	0.00	0.00	0.01	10.43	6.18	21.30
LSM_raw: 	-0.04	-0.39	9.73	-0.01	-0.00	0.02	10.41	6.21	20.51
LSM_raw: 	-0.06	-0.40	9.74	-0.00	-0.00	0.01	10.26	6.06	20.63
LSM_raw: 	-0.05	-0.41	9.73	0.00	-0.00	0.02	10.26	6.06	20.63
LSM_raw: 	-0.06	-0.40	9.74	-0.00	-0.00	0.01	10.28	6.09	20.46
LSM_raw: 	-0.06	-0.40	9.71	0.00	0.00	0.01	10.38	6.17	20.90
LSM_raw: 	-0.07	-0.41	9.75	-0.01	-0.00	0.01	10.29	6.21	20.54
LSM_raw: 	-0.06	-0.42	9.76	-0.00	0.01	0.00	10.30	6.24	20.55
LSM_raw: 	-0.06	-0.39	9.72	-0.00	0.00	0.00	10.30	6.24	20.79
LSM_raw: 	-0.06	-0.40	9.70	-0.01	0.02	0.01	10.31	6.09	20.79
LSM_raw: 	-0.02	-0.40	9.75	0.00	0.00	0.01	10.34	6.17	20.57
LSM_raw: 	-0.06	-0.43	9.74	0.01	0.01	0.01	10.19	6.13	20.65
LSM_raw: 	-0.05	-0.39	9.74	0.01	-0.01	0.01	10.32	6.16	20.47
LSM_raw: 	-0.05	-0.40	9.67	-0.01	-0.00	0.01	10.32	6.16	20.47
LSM_raw: 	-0.05	-0.41	9.72	0.01	0.00	0.00	10.31	6.10	20.89
LSM_raw: 	-0.05	-0.41	9.76	0.00	-0.00	0.00	10.39	6.18	20.61
LSM_raw: 	-0.05	-0.39	9.75	-0.02	0.01	0.01	10.25	6.14	20.49
LSM_raw: 	-0.04	-0.39	9.72	-0.00	-0.00	0.02	10.31	6.28	20.37
LSM_raw: 	-0.06	-0.40	9.71	0.01	-0.00	0.01	10.31	6.28	20.37
LSM_raw: 	-0.06	-0.40	9.70	0.02	0.00	0.02	10.35	6.16	20.62
LSM_raw: 	-0.03	-0.38	9.74	-0.01	-0.00	0.01	10.39	6.06	20.61
LSM_raw: 	-0.06	-0.40	9.74	-0.01	0.01	0.02	10.38	6.17	20.36
LSM_raw: 	-0.04	-0.40	9.75	-0.01	0.00	0.01	10.31	6.13	20.43
LSM_raw: 	-0.05	-0.40	9.70	-0.01	0.00	0.01	10.31	6.13	20.43
LSM_raw: 	-0.06	-0.40	9.72	-0.01	-0.01	0.00	10.25	6.10	20.93
LSM_raw: 	-0.06	-0.42	9.75	0.00	0.01	0.01	10.39	6.16	20.52
LSM_raw: 	-0.03	-0.45	9.75	0.01	-0.00	0.00	10.27	6.13	20.50
LSM_raw: 	-0.04	-0.38	9.99	-0.03	0.00	-0.00	10.30	6.05	20.39
LSM_raw: 	-0.07	-0.35	9.49	0.02	-0.02	0.01	10.30	6.05	20.39
LSM_raw: 	-0.06	-0.42	9.77	-0.01	0.02	0.01	10.35	6.15	20.48
LSM_raw: 	-0.02	-0.44	9.81	0.02	-0.01	-0.00	10.49	6.09	20.24
LSM_raw: 	-0.02	-0.39	9.54	-0.02	0.01	0.00	10.23	6.21	20.41
Start_time = 16:42:28.809; End_time = 16:42:48.176
